2.30589
2.47969
3.49177
2.40124
2.06547
4.21565
3.5034
4.01903
2.16799
2.06434
1.89734
3.08702
2.47731
3.5587
4.71333
3.37018
1.62389
3.04345
4.77748
2.53729
3.74216
2.94436
3.94717
2.74129
4.00998
2.56929
3.59075
3.33098
2.5808
4.62431
3.43518
2.81555
2.88412
3.05804
2.68958
3.37754
3.33915
2.45297
2.45915
2.62554
3.12183
2.39894
1.4487
1.84671
2.71264
2.04043
2.43891
3.14564
2.27665
2.71381
3.04325
2.95638
3.00743
2.61884
3.74388
3.50468
3.27004
3.83263
2.37818
3.75538
1.59542
2.93635
2.03677
3.53138
4.19098
3.17617
4.07603
2.12567
2.68006
3.19544
3.06408
3.31248
2.80215
2.29366
1.67055
3.04465
4.53098
3.45887
1.94134
3.71249
3.37056
3.86977
2.81199
1.1933
4.16252
3.40347
3.29101
2.60303
3.52592
3.03319
4.15182
3.51757
2.35902
3.07615
3.98375
2.06088
2.82401
2.69086
2.40515
2.47726
2.49245
2.09894
2.78115
2.30897
4.23867
2.0706
3.26118
3.35169
3.18026
3.16856
2.11986
2.64533
3.05438
3.66366
3.91981
2.81613
3.35455
3.81054
2.48702
2.88351
2.38711
3.89069
3.00686
1.69781
2.82507
3.6691
3.78902
2.80219
2.67164
2.78315
2.9481
3.16531
3.17033
2.08383
3.05937
3.96087
4.2436
3.67046
4.0102
2.66286
2.61624
4.31278
3.45157
2.85855
4.09004
2.1339
3.22335
3.635
2.39331
2.32648
2.68939
3.01835
3.8388
3.05641
2.82735
1.30935
2.96221
3.90665
2.30327
3.69054
3.2111
3.51711
2.77771
3.31618
3.64931
2.73892
2.94924
3.54564
3.08128
3.27635
2.75619
4.2475
1.96197
4.39414
2.49789
3.3958
3.42302
3.31005
2.83583
2.84646
2.14274
3.46457
1.91449
2.50494
3.03187
3.5112
2.18513
1.61303
3.03369
2.9898
2.12644
2.32468
3.99179
3.29192
0.708331
2.0267
4.18168
3.17066
2.75168
3.07622
3.47764
2.15576
3.03947
3.29357
3.4635
3.1004
1.70058
2.01091
2.00616
1.82385
1.31342
2.81572
3.06774
4.15597
2.75456
3.3268
3.6358
3.04668
3.03465
2.58479
3.2231
3.27999
4.15682
2.14839
3.72215
3.48673
3.38598
2.47163
3.33131
3.00919
2.93741
2.48055
3.45995
3.69776
4.40709
3.67705
2.77395
2.6158
2.83754
3.86222
1.73907
3.28767
2.0513
2.58838
3.70175
2.65647
3.80253
2.9884
1.77916
2.0441
1.90883
2.88721
1.5506
1.47752
2.53618
2.78862
2.23113
3.06953
2.73859
1.91108
2.49167
3.17756
2.64559
2.70188
2.93738
2.24956
2.89197
2.04375
2.91648
3.2028
3.49365
2.87321
3.08999
1.06244
4.24476
3.62876
3.83021
3.91177
2.99289
3.47272
2.51511
3.48821
2.44542
3.05665
2.76421
2.39165
3.0284
3.0156
1.15887
3.42549
3.48151
2.07425
2.88917
2.46257
3.1097
3.86038
2.06055
3.26195
2.85845
3.44322
3.64728
2.59154
1.87618
4.50028
2.97655
3.99791
3.60094
3.26002
3.51948
3.64161
1.80214
3.24656
3.61192
2.80211
2.69956
3.36453
3.20482
2.4253
2.12608
2.34529
2.93325
2.85938
2.44213
2.91772
4.85087
2.37866
2.18826
2.70318
4.32052
2.00453
3.28515
2.81757
3.76638
2.70885
3.57952
3.48623
2.53821
1.94165
4.08565
2.95145
1.3899
1.84699
2.46573
2.62401
2.71376
3.29229
3.87174
3.16532
3.92323
3.49763
2.92924
3.04867
3.4689
2.023
3.01633
2.3557
2.63375
3.25224
3.69157
3.67889
2.04374
2.62053
1.6673
2.58218
3.39011
2.1701
3.28785
3.51862
3.0376
3.33142
2.3674
1.82631
3.26147
3.71537
4.15632
2.27933
2.85806
3.31187
1.67369
3.68451
3.72454
2.32717
1.18072
3.24105
2.67983
3.40416
3.39955
2.09684
4.55486
2.90656
1.32456
2.95944
2.70569
2.9546
2.29248
1.70219
3.40521
2.22929
1.90664
3.0756
2.51065
3.34347
1.63669
3.5939
3.41271
2.35699
2.54893
3.94097
1.7521
2.79614
3.36934
2.70493
3.48858
2.5304
3.58327
2.74183
1.90407
3.39994
3.31426
2.4386
2.78313
2.9823
3.39667
2.21928
1.67312
3.26423
1.91384
2.56705
3.57147
3.16922
2.85653
3.13244
3.52008
2.54183
2.43133
1.80535
3.27959
3.2386
4.00227
3.42598
2.85324
3.38097
3.01372
3.42822
2.7313
2.79848
3.59276
4.10432
3.80259
1.90712
3.4397
3.1724
3.22029
4.03724
3.51911
3.75395
3.51193
2.50266
1.66207
2.82388
3.97401
2.10121
2.71776
3.9093
2.61103
3.98208
2.33843
2.41902
2.92258
2.62776
3.5235
2.78303
3.8405
2.5419
2.28153
4.22454
3.07789
2.40846
2.51915
2.43775
2.67424
2.58779
3.34786
2.52917
3.89022
2.59895
2.956
3.22422
2.44187
1.93072
3.9239
3.03768
2.71163
2.86204
3.56982
2.98268
2.45657
3.55989
3.07702
2.89533
3.89046
2.24269
2.78311
2.21212
3.88055
2.33978
2.19093
3.03251
4.00349
1.94381
2.48285
2.39209
3.64642
2.74616
1.95161
2.59731
3.55712
3.11578
3.42281
3.40979
2.58754
2.3663
3.09591
2.60981
4.20399
3.40965
2.39115
3.08617
2.90558
3.23843
3.77602
3.67091
2.68197
3.09255
4.20426
2.96164
2.80503
3.83632
1.93737
2.10251
2.94681
3.08633
2.94277
3.0527
2.96872
2.01008
2.79961
3.86875
4.28561
2.71661
3.10633
3.54527
2.73321
3.91599
3.80006
3.91792
2.27849
3.08847
2.90355
3.71091
3.42075
3.22369
4.43904
3.79998
2.7729
2.6182
3.16463
2.80929
2.72272
2.60591
3.21171
3.54847
2.03581
3.51243
3.29196
1.80374
4.3375
4.24761
3.15022
3.98284
2.6259
1.70691
2.45081
4.40188
2.88075
3.72103
2.70187
2.23038
2.71169
2.74305
1.49423
3.0623
3.71008
3.10997
2.40788
3.10227
3.07785
2.98849
4.56902
2.44806
3.426
3.28553
3.04371
5.02931
3.73556
2.39281
2.48744
2.78178
1.59502
4.01117
2.92971
3.40197
3.63534
2.90256
1.7478
3.38451
1.84978
2.83889
2.80419
3.07783
2.55021
2.84759
2.93772
1.30547
2.10015
4.24696
2.70592
2.08125
2.12824
4.18894
3.5017
2.98174
2.24845
1.37664
2.42277
4.03163
3.42683
3.98248
3.53172
2.64937
3.74711
2.23631
2.23378
4.11084
4.13354
2.13864
2.76006
3.91015
5.00706
2.61641
3.13316
2.9548
2.37224
3.50373
2.33039
3.0133
4.00689
2.59604
2.96915
3.33031
3.80925
2.56294
3.80152
2.58298
3.90716
2.17065
3.24075
2.6202
3.05562
4.10031
3.39187
3.97378
3.21613
2.59907
2.73233
3.89354
3.85867
2.25405
3.3875
3.35127
3.20191
3.06979
2.70409
3.15628
2.3904
3.11852
3.55736
3.14249
3.5079
3.1673
3.57422
3.90092
3.64897
3.28506
3.48803
1.93061
2.52215
3.16651
3.27606
2.36503
2.60894
2.40138
3.02165
3.03356
3.47678
3.25912
2.05234
3.26597
3.82622
2.41385
3.62423
2.40917
3.36485
3.79309
1.56419
2.77654
3.21061
3.97791
2.62529
3.9405
2.96805
2.79015
3.32238
2.97818
3.586
4.3043
3.12873
2.96223
4.17044
2.54712
3.08033
2.04505
1.60903
3.1297
2.44824
3.08486
2.32882
3.19176
2.33068
3.12022
3.30279
2.809
3.22269
3.6601
2.1074
2.74445
3.02082
4.54608
2.96607
3.17673
1.45384
3.65891
2.87882
3.96907
2.76991
2.98514
3.47088
3.34929
3.75727
3.05862
2.11121
2.29141
3.29341
1.56296
4.01
2.29821
3.61444
3.23578
3.50032
2.49132
3.78929
3.24334
4.74697
2.25095
2.56341
3.22912
2.63697
3.53474
2.82899
3.83021
3.87202
2.55946
2.83353
3.0544
2.12871
2.8194
3.28456
2.27267
3.37204
4.03603
3.06983
2.4273
4.92208
3.85057
2.92526
4.2155
3.65924
1.36678
2.50814
2.97988
3.6073
3.77977
3.38712
2.33542
2.02473
3.9981
3.5062
4.98635
2.18009
3.728
4.41851
2.42427
1.93768
2.86938
3.51866
3.67756
3.84892
3.58521
3.24701
3.26393
3.17797
4.84962
2.3168
3.39167
3.24921
3.26669
2.3537
2.94862
2.18195
2.73426
3.63776
2.3131
1.18009
2.96091
3.1704
4.08773
4.24519
3.8273
3.53842
2.88049
2.44835
2.15417
2.42695
1.83915
2.05307
1.38917
2.73315
1.75492
3.56323
2.8355
2.54765
2.86693
2.86769
2.46592
3.63141
2.55833
2.94958
3.51002
2.89761
3.6931
4.33725
3.15306
2.53865
3.71022
2.21272
4.29436
2.74047
3.03756
2.78984
4.18016
2.36263
3.76735
2.99791
2.6204
3.01739
2.92124
2.82674
2.15212
2.31585
3.62459
2.88129
3.34537
2.42283
2.47555
2.63274
3.10642
3.0122
3.39244
3.38426
2.75784
2.10002
3.5373
2.67736
2.55117
3.05298
3.10436
2.99868
2.63627
3.1672
2.21056
3.34551
3.40894
2.26285
2.11942
3.38716
2.14034
3.32149
3.36266
2.17882
3.25955
3.81355
3.45862
4.03436
3.57989
2.66881
2.10829
2.94263
2.94814
3.13539
1.988
3.508
2.96533
2.19315
3.56363
3.64049
3.02915
4.01786
3.74029
2.77221
1.9567
3.88253
3.30861
4.04759
2.8782
3.26062
4.69319
3.42874
3.34876
3.20306
3.88573
2.59809
2.62049
3.5833
2.02001
3.60564
2.31514
3.21343
4.26774
1.60839
1.96386
3.27513
4.09289
3.07488
3.37227
2.94747
2.4281
3.22426
3.5775
3.54238
2.43676
1.65163
3.2133
3.08375
2.34962
3.56794
3.39803
3.63126
2.30318
2.51564
4.39328
3.35759
4.17293
2.53957
2.3954
4.09236
4.78216
3.46397
2.14384
0.944348
4.09718
2.32287
2.82923
2.2507
2.57166
2.35811
3.49376
3.02244
2.2513
1.86125
3.44392
3.20668
3.97083
2.89954
3.05291
1.92053
2.97632
2.457
2.7559
1.97817
2.28132
2.9893
3.8773
3.83599
3.28938
3.77019
2.69292
2.53304
2.31821
2.9568
4.00114
1.63035
3.80908
2.5222
3.65154
2.52211
2.93679
2.8347
3.99248
3.25052
3.22117
2.53896
4.42766
3.79555
1.5423
3.57998
3.49778
2.31366
1.96027
3.1145
2.87713
2.88337
3.75471
4.49974
3.03932
3.39406
2.39987
3.37109
3.3064
2.52273
2.79399
1.84323
2.86303
2.06429
3.75851
1.98696
3.77691
2.97475
4.29521
1.57845
3.11107
2.38836
2.39805
2.47114
2.99082
3.65518
3.78865
2.29625
3.36374
4.15376
3.59276
1.87451
3.80328
2.21187
2.44733
3.15795
4.33761
2.73775
3.51611
3.07829
3.00123
2.91116
3.23667
3.28802
3.06491
3.15982
2.99431
3.82921
2.02078
1.98165
4.41861
3.78547
3.96667
1.26476
2.37447
3.28302
3.21748
2.08795
3.10298
2.94199
3.22224
3.27005
2.68317
2.65428
2.40268
1.60922
3.20876
3.88626
3.60492
3.27175
3.18073
2.77171
2.49534
3.48714
3.11381
2.45675
1.81325
4.32254
2.86669
3.02725
2.95174
3.72646
2.57887
3.54895
2.04627
4.00067
2.5942
3.17735
2.87858
2.37043
1.78905
2.34447
3.36079
3.09648
2.19241
3.12904
3.39713
3.2188
3.17355
3.89135
1.83433
3.65748
2.67671
3.31259
2.39068
2.93205
5.01589
3.33204
3.33693
2.99461
3.20178
3.8349
3.15617
3.85517
2.47733
2.00176
0.997026
2.28928
2.96959
3.1164
3.00313
3.47891
2.12564
2.82455
2.14837
3.41365
3.12063
2.8092
3.16184
3.1045
3.38436
3.28481
2.23625
2.92088
2.47645
2.62974
2.80817
3.1138
4.13397
2.83469
1.28667
2.7841
3.85755
3.30108
3.30871
3.96401
3.31499
3.77956
2.83701
3.30299
2.73038
2.73105
3.0614
3.1576
3.85398
2.57999
3.21454
4.54344
2.94143
3.51311
3.46884
2.74452
3.13378
2.04206
2.64399
2.73879
2.93111
2.57253
3.35839
3.33385
2.43593
3.13292
2.20805
3.11046
2.67686
3.09838
3.31431
3.06072
3.33348
3.52283
1.62665
2.72024
2.46844
4.23103
3.04907
3.5798
1.99279
3.08833
3.06801
4.01286
3.33242
3.67915
2.25036
2.36543
3.45113
2.62367
3.04451
3.15825
3.71873
2.45012
4.10208
2.23891
3.77456
2.00104
2.68559
2.49188
3.69612
2.23062
3.24437
2.47963
2.59032
3.08116
2.80059
2.97113
4.11747
2.77647
3.82388
3.85257
2.33365
3.16507
4.07223
2.31903
2.82076
3.61443
3.28425
4.21738
3.14894
3.33254
2.98923
2.70687
1.94218
3.36659
4.06497
4.26761
1.79853
2.97028
2.73222
3.88712
2.79716
2.0343
3.16399
3.97611
2.53
2.45435
2.90104
2.95256
2.83558
2.8021
2.26161
3.01831
3.36723
3.137
3.47982
1.58175
3.02959
4.39725
3.60499
1.37165
3.2955
3.40851
2.75702
4.08966
1.95775
3.30489
3.06505
1.41217
3.39868
2.50939
3.65509
4.68566
2.04889
3.8851
1.81516
2.44388
1.96475
3.35028
3.39264
1.71146
4.1337
2.71747
2.04126
2.87305
2.8602
3.04227
3.30892
2.91375
4.22243
4.99538
2.71294
2.96636
3.46686
1.61238
2.62521
1.94237
1.37023
3.04748
2.88977
1.83337
2.89268
3.20746
3.46882
3.33666
2.49114
3.48819
2.00237
2.65359
3.86842
3.23939
1.76755
2.99279
2.2409
3.09397
1.90525
2.18577
2.35391
1.71153
4.08083
3.7669
3.36757
4.11228
3.08786
3.01554
3.80781
3.07539
3.41409
2.26037
3.60894
3.1179
3.96193
3.5493
3.35731
3.77811
3.37602
2.82371
2.82509
3.33578
2.37053
2.39617
3.82209
4.06768
3.26883
3.17316
2.6813
2.58003
2.9586
2.91859
3.45734
2.27854
3.47941
2.33579
3.81762
4.46165
3.25436
2.68623
2.14979
3.59534
2.82302
3.43501
3.31766
3.48521
3.35748
3.72414
2.67203
4.22048
3.74322
1.43019
3.6541
1.85706
2.87055
2.52177
2.43819
2.29098
1.4793
2.52744
2.23756
1.74043
2.73532
4.31274
3.27475
3.90043
3.74614
3.28383
3.14319
3.52673
1.83318
1.92836
2.1607
1.38394
2.36595
4.26944
3.55231
3.26873
2.65607
3.37374
2.47557
1.94561
2.59786
3.66747
4.08428
2.88385
3.38609
3.34839
3.68387
4.72822
1.66653
3.09419
4.37844
1.5966
3.18016
4.29536
2.62319
2.3116
3.72161
3.30538
2.10603
3.25741
2.29933
2.1488
3.44161
3.4281
3.1945
4.24719
2.51337
2.93805
2.56171
3.03677
3.53589
2.3166
4.14303
3.17041
2.55283
2.41931
1.47429
4.04811
3.28308
3.78592
2.21256
2.91503
1.96477
3.07392
2.80092
1.91533
3.16134
4.87134
2.6496
2.60254
2.16754
2.11602
0.947686
1.83386
3.5153
2.3154
2.85416
2.35697
3.85997
2.22285
3.3749
1.7947
3.35529
2.72036
3.57399
4.20941
2.25384
3.34595
3.85861
1.93315
2.68714
3.56725
3.59513
2.82863
2.74943
2.55606
3.99742
2.27885
2.6369
2.68842
3.71122
2.9121
2.6545
2.07741
2.36017
2.46627
3.48677
2.31212
3.49459
2.50511
3.14424
2.67277
2.13108
2.62068
3.75519
2.24668
3.48496
2.42326
2.49702
3.47053
2.75188
2.23183
2.04024
3.75316
3.74891
3.82152
3.55118
3.20606
3.8306
2.97768
3.88548
3.05649
3.42934
2.35401
3.37465
2.75032
3.72538
3.26699
3.06982
3.18634
1.89945
3.27291
3.68502
3.36591
1.84277
2.70184
2.81857
2.49293
3.43209
3.50685
2.41418
3.75167
2.56281
3.09348
1.60544
3.02542
3.5483
2.28831
4.25042
3.19218
2.2413
2.60538
2.13788
3.69853
3.00724
2.27123
3.10926
3.25104
3.72324
1.92454
3.55813
4.1827
3.71757
2.7539
2.98033
2.64096
1.52689
2.73527
2.81414
3.57468
2.77643
2.8008
1.31368
1.46924
2.39059
4.42374
3.51889
3.70227
4.32943
2.03298
2.66535
3.69271
3.26336
3.1394
1.8603
2.69076
2.70826
3.24309
2.98648
2.768
2.65216
2.31589
2.45326
3.42319
2.9617
2.39248
2.11309
3.23032
3.22352
2.66668
3.3251
3.04195
3.40075
2.37802
2.56168
3.15237
3.51318
2.84655
2.44028
2.48787
3.29666
2.79611
3.18907
2.17768
3.90646
4.17062
2.50964
2.04554
2.94691
2.74776
2.91076
1.82633
3.96169
3.41011
3.90941
3.17899
2.75621
3.04661
2.60184
3.86238
3.03541
2.23347
3.84818
3.09817
2.33439
2.31039
1.60369
3.18777
1.71489
3.68769
4.01754
2.26743
2.79821
3.90406
2.59202
2.81127
2.47785
4.11305
3.55001
2.90453
2.43391
2.66378
3.6683
3.91856
4.3095
2.60521
2.92664
3.41264
3.03023
2.54469
2.62821
2.98928
2.77946
3.49695
4.57373
2.57355
2.95719
2.59609
2.50222
3.08257
2.53509
2.83456
2.17831
1.99109
2.57647
2.65002
3.26545
3.38634
2.51607
3.79251
3.92289
2.71091
3.24907
3.0933
3.29903
2.56571
2.43949
3.58977
2.29483
4.14026
3.60008
2.72029
1.3065
2.3585
3.67903
4.28905
1.95048
4.04965
3.19215
3.06729
2.38788
3.003
3.33069
2.63572
2.3523
2.61311
3.38033
2.57311
2.1109
2.61058
1.0736
4.08842
3.4123
2.66799
3.18482
3.21731
2.55034
3.17465
3.4501
2.63912
1.9586
2.49704
3.01271
3.41464
3.18483
3.56722
2.66833
2.56608
3.48934
2.8098
2.57218
1.76058
4.06614
1.7595
2.8278
3.86548
2.57935
3.17591
2.65554
3.2046
2.01244
2.85665
2.68735
1.21305
3.55739
2.75658
3.0572
2.43259
2.71165
4.18236
1.9966
2.52911
2.78742
2.43884
3.50443
2.46398
2.77359
2.01638
4.11437
0.909588
4.29556
4.20688
2.28733
3.49181
1.86119
4.16567
2.95609
3.15085
3.31374
2.16883
1.58962
3.44348
2.19103
3.78245
2.31456
2.55487
4.2402
3.39902
2.94692
4.0603
1.43336
3.05875
2.9353
2.39035
2.57033
2.29251
3.87004
3.02255
3.81201
3.83809
2.36621
2.49663
2.59067
2.17416
1.8366
3.93549
4.32376
3.03181
2.82106
3.3658
3.0355
1.79725
3.45039
3.07907
2.67179
2.17917
1.9283
2.65112
2.27837
3.04348
3.13773
4.77512
2.32872
2.58672
2.4102
3.17148
3.68881
3.65479
3.14039
3.89545
3.05338
2.59592
2.9803
2.41637
3.7562
1.69737
3.71779
4.49021
3.57536
3.20491
3.06499
4.32951
2.37156
3.93378
2.7644
3.35888
2.67378
2.91337
3.25915
2.57946
1.98788
3.47442
3.46851
3.2306
3.44742
3.17394
4.61472
2.18651
3.02256
2.52978
3.08947
2.68419
4.05088
3.20929
3.8653
3.50626
2.08251
3.50908
4.67286
2.92549
3.60388
2.64885
2.51286
3.13045
3.67742
3.28036
4.179
0.815663
2.80304
4.19229
2.77792
3.49213
3.26209
3.58989
2.59793
4.24693
5.63624
1.63924
4.44004
3.59854
3.45124
2.39199
3.40208
2.51165
2.73454
3.06147
4.18887
2.79018
4.09086
3.31664
3.25301
3.1312
2.10378
2.61262
1.6548
2.86044
2.66275
1.51102
2.63919
3.28232
3.47867
3.2177
1.50452
3.35901
3.02973
4.41909
4.1603
3.8036
3.14966
1.70359
3.00491
3.27876
3.07703
3.81252
2.50652
3.95378
2.93422
3.13168
2.46164
3.02235
2.46151
3.43748
1.84094
4.50696
3.10929
2.44075
2.65717
2.95729
4.19744
2.24676
4.31309
2.51464
3.36643
3.46287
3.13199
2.4495
3.64027
3.24076
3.95885
3.23878
2.80736
3.07074
2.64337
3.72042
3.05099
4.12085
1.57561
2.77355
4.53903
3.92585
2.3633
4.17154
3.36484
3.61603
1.90914
2.29116
3.6764
2.72578
2.46147
2.75447
1.54685
4.2144
2.97984
3.29447
2.57967
2.09685
2.50147
3.89319
3.29667
4.45251
2.88588
4.14383
3.32389
2.89987
4.98102
2.3157
3.28881
3.72658
3.44726
2.37075
2.68246
2.23529
2.06834
3.54361
3.06329
3.60018
2.95718
3.52353
3.62928
3.99093
2.83613
3.51737
2.61121
4.22016
4.56119
1.99125
2.43422
2.49596
3.24011
2.60686
2.1144
2.77903
2.95912
2.28321
2.01399
3.13065
3.82215
2.69084
3.43126
2.10899
2.50098
3.61879
3.47821
2.46891
3.16519
2.68512
2.24234
2.64028
2.6123
2.46395
1.58103
3.26123
2.69043
3.31273
3.20766
3.03011
3.7598
2.4419
3.44985
3.34025
3.93651
3.46325
3.0599
1.52894
2.04048
3.01188
3.49219
4.04658
2.27615
3.99476
2.29687
2.50369
2.0964
3.11
4.53618
2.55856
2.55219
2.8263
4.04985
3.22151
3.66514
2.48609
3.54802
2.80831
2.51872
1.68718
4.21407
2.56982
2.45117
1.97589
1.848
2.25817
3.42253
2.2571
3.26451
3.06422
2.60418
2.49253
3.22599
2.67215
3.08558
3.56902
2.46947
2.76735
3.36678
3.62139
3.48808
3.00201
2.97959
3.44421
3.31634
2.44486
2.5371
2.66367
3.10714
4.07843
3.74101
4.38835
2.67967
2.6557
2.53209
3.42397
2.84103
3.46664
3.41493
3.30728
3.14383
3.1615
4.07563
1.86019
3.27206
3.1064
2.60676
3.92466
1.89051
3.5613
2.69029
2.36262
2.21883
2.79021
4.02595
2.17639
3.68417
3.69567
2.7954
1.95655
3.16843
2.55308
2.91826
3.44287
2.75512
3.15693
3.62551
2.91219
3.1891
2.99785
3.1866
2.91181
2.44699
3.3752
3.00788
4.5957
1.68644
3.51849
2.33811
3.77777
3.93808
3.13056
3.83114
2.99668
3.78932
3.08139
1.8063
4.1514
2.99183
3.74222
3.98533
2.50998
2.37317
2.46032
2.13437
3.08867
2.45219
2.66609
2.75245
2.29614
2.5414
2.80862
3.43536
4.47603
3.52868
3.20028
3.58704
1.71179
2.76527
2.1626
4.19973
2.85664
3.11594
3.06359
2.98465
2.64644
3.45933
2.73978
1.73842
4.0189
3.54792
3.31703
1.99569
2.79411
2.40975
2.7526
3.57574
2.78116
2.99758
4.22737
4.27015
2.71154
2.30833
2.90419
3.52261
2.95313
2.43748
3.41232
3.73181
4.04429
2.25688
4.29641
3.06975
2.13231
2.99611
2.89126
3.24774
3.08117
4.1375
2.6716
2.9519
3.84545
2.99739
2.39035
2.05031
2.36541
1.89818
2.39728
3.98343
3.79907
3.40756
2.04013
3.19476
1.40172
2.57893
2.7305
3.88873
2.19819
2.1734
2.55472
3.54659
2.01942
2.66243
4.48105
4.13355
2.42602
4.39322
2.32792
4.53839
2.91378
2.45867
3.90966
3.2986
3.20703
3.40102
4.31855
2.97258
4.46487
2.83274
3.71007
2.19243
2.16514
3.8681
3.46103
2.25524
3.00271
4.1032
3.00573
2.81476
2.06843
3.87899
2.85366
3.4883
2.76806
3.19234
2.75351
3.38803
1.58163
2.02213
2.71791
2.89644
4.04856
2.61512
2.86218
2.30902
3.19705
3.51801
2.56513
4.203
2.62422
3.58456
2.26242
2.92266
2.08716
2.44493
2.37178
2.52374
3.42458
2.57938
2.36936
2.59788
2.97462
2.4302
2.56999
3.07117
3.48325
3.40508
2.73397
2.86934
2.49391
2.51065
3.62056
4.32523
2.66921
3.02563
3.50623
3.7691
3.30539
2.1734
2.48552
3.3615
2.14648
2.98353
3.79711
2.68746
3.51064
3.42164
2.6591
3.18949
3.09486
2.04516
3.42692
3.67795
3.59579
3.33217
2.90062
3.05876
2.93936
3.80257
3.04193
2.64979
2.90709
2.85359
2.08555
3.46003
0.758994
3.39454
1.88374
4.01717
3.3279
3.16794
3.89444
3.433
2.60421
2.15868
3.42457
3.06558
3.55662
3.58488
3.02139
2.39797
3.66751
3.13057
3.30165
3.5635
3.12613
3.12244
4.04005
3.36685
2.23413
1.11683
2.67708
3.02347
3.15
2.06645
2.63248
2.25573
4.02889
3.05813
3.73237
2.13336
2.73171
2.66873
3.63039
3.88708
1.91159
2.81927
2.98058
2.73223
2.06521
2.93917
4.33842
3.14686
3.92654
3.54795
2.53837
3.1521
2.14562
4.06453
3.10132
2.60815
2.84988
3.15721
3.04595
2.05866
3.25622
2.74916
3.46618
4.18477
2.10083
2.80385
3.04977
3.40846
3.39244
2.60926
2.84885
3.18028
3.21596
1.74582
1.98811
3.74378
1.90952
2.2574
5.05952
1.50704
2.43107
3.02914
3.26378
2.93062
3.43181
4.6354
2.88347
2.12282
3.69397
2.77935
2.98515
2.74156
3.421
2.32604
2.89847
3.65848
2.65802
2.20303
1.39538
2.81477
3.32776
3.2048
2.55769
3.89971
3.50047
3.10462
4.36766
3.10739
2.3029
4.38495
2.70019
2.73501
4.05203
2.71703
3.12519
3.59282
3.15978
3.48056
2.3805
3.70738
2.82795
2.09589
3.85615
4.49331
3.29444
2.87337
3.43046
4.0037
1.6787
3.95779
2.47422
3.22638
3.31611
2.64289
2.78648
3.96596
4.03597
3.32001
2.28891
4.01783
4.56379
2.27809
3.84816
2.59994
2.39733
1.99825
3.09368
3.90449
3.6876
2.97959
2.93506
2.69435
3.37671
3.38585
3.21194
3.21194
2.63862
3.17536
2.6024
2.81845
2.16836
3.65894
2.93869
2.23623
3.61973
2.44691
3.30263
4.2277
2.87851
3.55227
3.05088
3.33141
4.45796
2.79745
2.85542
2.53286
3.00238
2.95783
2.52239
4.6094
2.3674
3.46395
4.31535
3.26152
3.05977
1.8795
2.14255
2.7883
3.08795
3.92554
3.38449
2.11836
2.38562
3.36061
3.29571
3.85159
3.97373
2.88069
3.13934
3.19947
3.85074
3.19796
3.9145
2.42406
2.7502
1.43812
2.63777
3.03013
3.77432
3.20047
2.48763
2.99512
3.09969
2.61231
3.18968
2.08543
4.20805
2.32824
2.64098
3.04669
1.63199
2.73528
4.78509
4.13995
3.57013
2.83418
3.30947
2.15551
3.18206
3.05002
2.17415
2.92984
2.42717
1.52847
2.2086
3.42267
4.09476
2.75261
3.55758
3.99344
4.5221
3.78789
2.60522
4.28729
1.79775
3.02749
2.45631
2.86957
2.23408
3.83438
2.69238
1.92736
4.17084
3.95338
3.652
3.89287
1.25764
2.98753
2.30916
2.68641
2.99483
2.8147
3.39429
2.73955
5.01875
2.87559
3.44616
1.45393
3.68701
2.92066
2.14136
1.79861
1.19113
3.34326
3.56478
4.72217
2.23635
3.6629
2.0628
3.80169
2.50855
3.67065
3.77155
3.22422
2.76372
4.03864
3.04916
3.07918
3.39887
2.51252
4.1562
3.68334
3.06561
1.28975
3.87077
3.19354
2.20185
2.48704
3.49292
4.11455
2.79389
3.59642
3.00005
3.38354
2.78198
2.37083
3.00854
2.98242
2.30392
2.87835
4.03734
3.34475
3.40065
4.23563
3.30319
3.19689
4.78899
2.00852
3.64631
3.37588
2.58647
2.12132
3.45223
3.20585
2.40153
2.86777
2.35156
2.40104
2.53124
3.50355
2.63703
4.64642
2.44844
3.64797
3.19188
2.5996
2.69183
2.89401
3.45954
2.32595
3.26686
3.32433
3.06152
2.51764
2.49479
2.94283
4.62839
2.87905
3.03722
2.5071
1.43352
2.46136
1.92008
2.99913
3.43473
2.74955
3.38855
4.25
2.73602
3.3163
2.94738
2.72143
3.0918
1.51965
4.20396
2.97514
3.86363
2.45794
3.29489
3.41608
2.14298
3.57299
2.78664
2.84442
4.08218
2.10216
1.85124
2.58875
2.46456
4.30697
2.45667
2.83932
2.88389
2.41533
2.81773
2.82027
2.9496
2.72008
2.38609
3.27254
4.12402
1.93549
3.78815
3.14725
3.24231
1.88559
2.86538
1.01021
4.25817
2.82606
4.65795
3.11489
2.01555
2.64466
2.3964
3.49486
2.33935
4.15415
2.43006
3.56944
3.26694
2.98963
2.47693
1.32786
2.50681
2.82961
2.84361
3.24466
3.29521
3.71255
3.23588
4.17155
4.64832
1.85695
3.40414
3.77449
2.78779
2.38188
3.16937
2.95462
3.75427
3.09976
2.45784
3.34485
2.70978
2.28925
3.3353
4.00799
3.21795
3.24869
2.78841
2.14692
2.12712
3.91041
4.2969
3.37366
3.67237
2.03989
1.72289
2.51514
3.89147
3.98762
3.1119
2.74637
4.04477
2.47399
4.0188
2.3614
1.55502
3.44137
2.74158
1.48537
2.47883
2.87439
2.16946
1.46316
2.27986
4.06124
3.15142
1.85992
4.1355
3.32299
3.08153
3.55171
3.90752
3.32176
2.31498
2.43695
3.05704
3.53004
2.05026
2.66743
4.19176
1.88778
2.83517
2.19849
2.57431
2.53492
3.1353
2.32274
3.406
3.62077
4.35771
2.51503
3.21853
3.91964
2.62531
3.23027
2.5432
1.89969
2.07203
4.27247
2.29434
2.99417
2.6212
3.04526
2.37565
3.4014
2.55182
2.57943
3.64549
4.49888
2.20518
3.30171
2.93839
3.55353
3.2782
2.88446
3.66136
3.37966
3.01616
2.71559
2.62883
3.72376
3.14208
3.48159
2.74449
3.95389
2.45571
2.21496
2.97294
2.98896
2.5651
3.77177
1.858
4.05041
1.73905
3.27968
2.85354
1.99886
2.3386
2.74157
2.42705
3.93477
2.93141
3.31828
3.96644
3.44065
3.60835
4.23574
3.07596
4.18269
4.01761
2.61574
2.8026
2.86515
2.91009
2.44699
3.50395
2.59437
2.16297
3.46867
3.5866
2.87659
1.89155
2.16801
2.59767
2.23478
2.52857
2.4507
2.46545
2.57577
3.2737
3.00789
2.7723
3.28886
3.48291
1.22291
3.24182
3.24553
3.27342
2.69129
3.0677
2.62652
2.77329
2.13775
2.90967
3.51766
2.96189
3.31504
3.27706
4.25117
3.43923
2.02875
3.9209
2.34859
2.18872
2.69404
3.98423
2.34869
3.80045
3.25494
3.27665
2.19923
1.78046
2.43882
2.74832
2.61472
2.82306
3.32204
3.69785
3.07904
2.74837
2.45717
2.23581
1.92827
2.45244
2.72003
3.72623
2.89399
3.51763
3.50354
3.07083
3.98247
2.46717
2.98792
2.27254
3.40762
3.38842
2.64777
2.29539
4.77555
3.2543
3.14624
3.22394
3.32027
2.83871
3.43541
3.26061
3.40008
1.88501
3.05008
3.45385
3.85883
4.04178
2.17126
1.81338
1.97663
2.60962
4.84415
2.6889
2.66887
2.55273
3.08573
3.82516
1.78034
3.02436
3.53268
3.23503
2.51844
4.07577
3.46199
2.01201
3.53085
3.17276
1.87081
3.31224
4.35575
2.78034
2.41566
4.02941
2.23063
3.21505
3.41664
3.08278
2.62212
2.05695
1.62097
2.39237
2.87893
3.08565
2.70369
3.09018
4.12158
3.46143
3.14219
2.99479
2.78728
2.17683
2.28006
2.84943
2.34438
2.99102
2.39001
2.51083
2.58656
3.32232
2.08646
3.54471
2.73496
2.34306
2.23322
1.64213
1.81911
2.96805
4.11191
4.56394
3.15586
3.3849
4.17174
2.84198
3.56911
2.92876
3.15898
2.44772
3.33444
3.52583
2.11962
2.91327
3.59283
1.53735
2.77678
1.85145
2.00387
2.58857
3.60631
2.11687
3.88301
3.59936
4.35703
3.34391
4.50404
3.42555
2.78323
2.82519
3.38304
3.84447
3.67007
3.10999
2.55522
3.23255
3.43903
3.32737
2.95922
3.30505
2.97275
2.20281
4.41484
2.58632
3.81079
2.67232
2.94665
2.92181
2.85836
3.22436
3.05203
3.26165
2.73204
1.47412
4.05151
3.12726
1.33909
2.14684
2.68061
2.23842
1.69672
2.63096
2.72446
2.81149
3.67025
2.98945
4.19422
2.67386
3.52826
2.1342
2.73529
3.36518
2.18
1.92953
3.56614
3.70444
3.89209
4.31448
2.91172
2.76139
3.97239
3.01174
2.87006
3.64466
2.99273
3.47258
3.93756
2.46736
2.55794
2.64534
2.82794
3.45513
2.68361
2.30399
4.05785
2.58329
1.82803
3.282
4.6333
4.0623
2.56058
1.95772
2.40918
1.93125
2.07857
2.24332
2.86863
2.9008
3.86872
2.89636
3.36663
4.19244
2.26737
3.75325
3.71444
2.5922
2.56313
2.14232
2.71923
2.16184
3.25445
2.82308
2.82802
3.23155
2.93276
2.85355
4.08574
3.48951
2.87865
3.15633
2.08312
3.42653
2.7139
2.76947
2.55125
3.42167
3.23267
1.73938
3.061
2.33828
3.91381
4.69345
2.53481
3.78638
2.41682
3.1054
4.0339
3.13429
3.03207
4.55382
4.35215
2.27691
3.77157
1.01887
3.35464
1.39627
3.31991
4.20964
3.29885
3.05437
3.27375
4.58853
3.79557
3.97378
2.34761
3.97938
2.90868
3.2911
3.40322
2.17141
2.54593
3.3212
3.15774
3.7198
2.73945
3.42076
3.41902
2.49108
2.82858
3.75801
3.97307
2.88197
3.69952
2.76059
3.76252
2.74865
2.90174
1.55101
2.76241
3.04569
3.099
1.90113
2.80395
3.90375
4.32967
2.72795
2.88293
1.87162
2.9302
3.17634
2.37377
3.12768
2.78927
2.50215
1.82862
3.14725
2.98332
2.30631
4.40645
3.41765
2.19453
2.76798
3.09962
3.39958
4.32648
3.42056
3.81348
3.95185
2.34729
3.5253
1.80895
2.21362
3.53769
1.9333
1.93508
3.70113
2.01184
4.40021
3.07029
3.37228
2.64133
2.69745
3.90509
2.52799
2.81445
2.85518
4.71167
3.07326
2.06865
2.949
3.27194
3.68166
3.533
2.70263
2.38389
3.06806
4.23024
1.69769
2.76349
2.27272
2.10977
2.22549
4.48779
2.62338
3.10078
2.31928
3.08762
2.07433
3.79141
2.40606
2.85973
3.43305
3.86307
2.51664
2.68956
3.49123
1.93688
3.58891
2.66302
3.63115
3.1184
2.79374
2.10603
3.21333
3.30198
2.66254
4.29173
3.07293
2.57542
2.91687
3.19481
3.53016
3.52077
3.96116
3.38126
2.93836
3.37047
3.30097
2.69094
3.19996
2.28719
1.87549
3.2001
3.47379
3.84097
3.10272
2.32524
2.26231
4.75298
3.2914
3.26684
2.6872
4.13725
1.46044
3.49116
3.09051
2.75979
3.05792
3.37555
2.57563
2.78338
2.94981
3.00663
3.21929
2.35225
3.59223
1.92342
3.44774
2.76717
3.7502
2.80813
1.74962
4.90609
3.37783
2.34587
3.86005
1.73973
3.63955
1.53003
2.81829
3.06842
3.91329
3.56372
1.88649
2.27929
4.01679
2.62657
2.01009
2.39699
2.49931
2.22471
1.91211
3.32382
1.45723
3.04135
2.33273
1.20583
3.47864
3.96365
2.02786
3.18722
2.20517
2.88379
2.4549
3.52554
2.90943
2.06497
2.96406
3.67805
2.91205
2.59799
3.53441
2.5056
1.62439
3.82186
0.875849
2.31208
2.26399
2.60869
3.42924
2.24689
3.31579
2.95756
2.51027
3.52763
4.29701
1.74452
3.77927
3.37953
3.91626
2.41193
2.01222
2.96071
3.705
3.18554
3.26111
0.975584
3.54548
3.38554
2.72072
2.6107
2.09352
3.56683
2.72549
3.75939
1.90331
4.31458
3.70434
2.76107
2.47528
3.74167
2.16103
3.95794
2.4941
3.27244
2.8566
4.10667
2.92873
4.67672
2.3722
2.79765
2.58821
2.94602
3.65842
3.05342
3.72924
2.82182
2.56226
3.87469
3.03636
2.29193
2.67358
3.58362
3.88192
3.1007
3.08013
2.61195
1.70802
3.44601
2.8086
2.77288
2.31455
2.20112
3.82929
3.62726
3.16101
3.60652
2.27458
3.77607
2.56515
3.37533
1.58651
1.78108
2.84388
3.49582
2.35673
3.55767
3.10685
2.46315
3.77153
2.85292
2.76523
3.13956
2.6226
4.59641
2.8085
3.19855
3.09608
3.2227
2.37367
2.6706
2.18332
2.67946
4.21009
3.28973
3.32641
4.6941
2.91248
3.04327
2.30072
3.00021
3.9638
2.16359
1.68605
3.36141
3.03491
3.18715
3.23126
2.01942
2.15892
3.24462
2.97999
3.92897
3.01174
5.36776
2.70262
3.47856
2.33127
2.26046
2.99031
2.60999
2.95709
3.31948
3.22789
2.61124
3.65555
2.59552
2.88289
2.51784
2.28211
2.39375
3.04403
3.28028
2.73704
3.01492
2.30854
2.04724
1.64244
3.58229
3.75343
3.43286
3.50415
3.89974
3.46134
2.69966
2.7278
3.81956
2.78645
3.49393
3.70851
2.63415
3.13909
3.15586
3.03991
2.05445
3.39717
3.01885
3.57089
3.29865
2.47514
1.15323
3.89324
2.49846
2.34984
2.53923
1.9189
3.3675
2.95111
3.0786
3.17564
2.99434
3.49613
3.11623
2.69537
2.85277
2.89199
2.9632
3.12252
2.74183
3.2335
3.285
3.12793
3.74448
2.31297
3.10432
3.85392
2.20037
4.30425
3.12726
3.19199
2.1183
2.15392
3.09606
2.67461
2.21193
2.25638
2.70802
2.46099
2.64107
2.86693
2.62308
2.69604
3.28577
2.84096
3.06881
3.89429
2.54353
3.11972
3.35011
2.78958
2.60144
2.12887
3.06232
2.46672
3.81568
2.56005
2.38514
3.85666
2.86626
3.14995
3.0881
2.54814
4.26619
2.57468
1.74979
3.75906
4.26299
3.69464
2.92761
2.55227
2.67214
4.24154
1.98384
3.69259
1.32032
3.04043
3.47217
4.07773
2.67055
1.65463
3.31764
4.335
2.99576
2.15197
3.42681
3.75317
2.01084
2.17439
2.7183
3.07897
3.65
2.63071
2.92918
3.68321
2.17215
3.53925
3.90673
3.43816
2.34463
2.19342
3.34857
3.49727
2.23344
1.25754
3.67785
3.93809
2.66531
3.01071
4.21248
2.05023
3.1257
3.16969
2.45387
3.18887
3.95261
3.82463
3.4303
2.34305
2.88703
1.69657
2.85984
2.7201
3.72709
3.49515
1.82023
2.7461
3.14672
3.29323
2.9237
3.49949
4.05863
2.67235
3.8014
3.30011
2.75849
1.98701
3.46931
4.21932
1.65874
3.04116
2.59662
2.71871
2.77341
2.92834
2.75688
1.36939
3.55337
3.07122
2.88471
2.27305
2.32948
3.04582
2.79664
2.42242
2.6161
2.7857
2.42893
3.34756
3.97464
3.72313
2.10938
3.13001
3.29219
2.92524
2.1636
3.4791
2.61531
2.26256
2.99814
3.72437
3.43941
1.88043
2.8655
3.55462
2.68562
2.92574
3.5846
4.29364
4.43509
4.26265
2.91455
2.18879
3.4271
2.29203
4.3886
2.78007
4.22851
2.86552
4.35885
2.59202
3.92944
2.28576
2.78959
2.12987
2.41271
3.18581
2.42242
3.90687
2.91176
3.32187
3.95361
3.21196
3.08469
4.07098
2.29947
3.04846
3.31229
2.70344
3.43388
3.33393
3.98819
2.73505
2.64801
2.59069
2.7097
3.46149
3.45244
2.99249
3.42269
3.04027
3.76945
2.93013
1.81467
3.07136
2.25636
4.0888
3.58797
4.43452
4.13818
1.80843
3.06138
2.50842
2.13765
2.97579
3.85707
3.14215
2.97483
4.08511
3.95277
2.32081
3.71831
2.53228
3.7514
3.77009
5.06964
2.37666
2.30897
3.08804
3.65034
2.88468
2.64407
3.57562
2.46092
2.96681
2.48579
2.63509
2.83499
3.81912
3.60715
2.68151
2.86716
3.29432
2.48118
3.68096
2.83532
2.7812
1.73777
1.99202
3.40509
3.17795
3.11549
2.90088
1.98008
2.77738
3.58845
3.31855
3.06978
5.03794
2.60239
3.22754
2.77462
3.29867
1.76042
2.40833
2.71324
3.18793
2.27685
2.30535
2.34094
3.13261
3.72951
3.57087
1.67609
3.10204
2.97215
3.61606
1.88839
2.27302
2.33163
2.68591
1.23804
4.20307
4.47463
2.44955
3.33568
2.5716
3.2728
2.79686
2.65396
2.07535
1.66618
2.85452
2.87301
3.28782
2.44748
3.32346
3.22917
3.43716
4.01684
2.26734
1.47099
2.37194
1.92492
2.69974
3.14054
2.29277
3.43387
4.13093
2.87192
2.30261
3.76515
3.96874
3.22944
3.20697
4.09074
1.84953
2.10878
4.28299
4.57903
2.70547
3.67414
3.37341
3.14749
2.1733
3.13515
3.08864
3.36039
2.96004
2.87861
2.72917
4.24697
3.23682
3.45955
1.94265
2.40507
3.70035
1.82146
2.89745
4.30296
3.15047
3.60823
3.24729
3.59169
2.85118
1.91418
3.5394
3.21681
3.38319
3.13555
3.03515
3.46466
2.01202
2.33437
2.7699
2.16612
3.46512
3.08846
1.92986
2.63926
2.66172
2.78131
3.75273
2.30557
3.91124
2.93271
3.96226
3.47562
3.93213
2.51539
3.10627
3.28306
3.35027
2.68088
4.06666
2.61723
3.81571
3.80477
2.9924
2.19357
2.38654
3.65452
2.89471
3.06466
4.02297
3.4237
3.059
2.60302
3.30568
3.6716
3.44978
2.91975
2.79264
3.10952
3.2565
1.43915
2.80542
2.91624
3.88286
3.08036
3.58683
3.45555
3.468
3.28063
2.18229
2.48256
2.37986
2.67684
3.64217
2.57845
3.48062
3.57506
3.6574
3.33833
3.55392
3.51585
2.909
5.36999
3.01677
2.77522
2.20962
1.54614
2.74237
2.62845
3.18275
3.83096
4.12344
2.23545
1.85249
3.86532
3.57626
2.35385
3.69558
3.3801
4.00693
3.34813
3.15742
2.33937
2.82275
2.40868
1.36676
4.36137
3.51721
3.08779
2.81911
1.13838
2.34572
2.26753
4.11225
3.37465
3.13273
3.18282
3.06155
3.06839
2.16773
3.13771
1.82564
3.74309
2.32538
2.63344
1.67833
2.86279
2.64785
3.2249
3.51819
4.32473
2.31237
3.68905
4.37726
2.01855
2.70803
2.03973
2.34812
3.56165
2.63894
2.94395
2.26121
2.39865
2.49724
3.1629
3.30077
2.124
1.89117
3.41459
2.5768
3.58079
1.72525
3.27263
3.17676
3.09904
2.68156
2.60572
2.2927
3.43747
4.07485
4.3927
3.62261
2.00099
3.32866
2.18718
3.38784
3.33907
2.13516
2.42276
2.40543
2.55076
3.46045
3.1047
3.65219
3.23028
2.78074
2.53488
3.23854
3.18911
2.95892
3.82186
2.60966
2.73764
2.17339
3.24745
3.79558
1.67831
3.99903
2.35349
3.53112
1.77998
1.00759
2.60811
2.74224
3.23563
3.22725
3.79746
3.22151
2.50029
3.62049
2.56522
3.85865
3.29556
2.15414
2.5954
2.46856
3.61509
2.99566
3.67513
2.93294
4.25038
3.0978
2.84072
3.85716
3.89515
2.83727
4.31122
1.74212
2.81413
2.25398
3.14547
2.96638
2.2984
1.80832
3.03963
3.16201
2.64887
2.6164
3.00391
2.69909
2.09709
2.79143
2.07906
3.63691
2.28553
3.395
2.01494
3.32745
3.87073
3.19823
1.24263
2.45509
0.866822
2.67793
3.32878
3.15039
3.18388
2.73639
4.12306
3.53472
2.42324
2.23289
3.40863
2.26609
2.32663
2.80916
4.03256
3.22847
2.22048
2.37492
3.96486
3.36869
4.50959
2.8108
2.56269
3.65324
3.56567
3.21201
1.34382
3.45667
3.03578
4.069
4.10673
2.17645
2.43376
3.07564
4.08074
2.58337
3.70104
3.22704
3.4679
1.86604
2.75869
2.17381
3.84807
3.93547
3.82428
3.21249
2.02424
3.15861
1.57906
2.6434
4.40573
3.41382
3.57075
1.86284
3.48502
2.83743
3.29115
2.29327
3.27967
2.81703
2.65073
2.63575
3.77992
2.53596
2.3768
3.28007
2.55695
2.09119
3.43364
3.05594
3.25149
3.32141
2.80743
3.42612
2.89138
1.5779
2.98612
1.90867
3.50946
3.8069
1.72298
3.83766
2.57742
2.57757
3.15027
3.11094
2.56901
4.75962
3.20681
3.01906
3.30715
4.13918
4.28262
2.30621
4.07404
2.56697
1.34052
2.84152
2.94908
2.72194
3.5123
1.65289
1.41776
4.34002
4.35894
3.34645
3.66891
2.5589
2.40081
2.28369
2.54908
3.5694
2.23917
3.71043
2.81558
3.6389
3.90776
2.91597
3.811
2.14749
3.1939
2.92239
3.55986
3.66425
3.41564
3.04556
2.15157
2.78277
3.20936
4.23893
3.34383
2.97484
2.3765
3.5929
4.01879
3.52819
2.64015
3.15626
3.49492
2.76345
3.50255
3.05827
3.04264
2.88435
4.4972
3.8351
2.27284
2.95719
4.16277
2.4846
2.96127
3.6588
3.69256
2.52163
3.14784
2.66727
1.95317
3.75913
3.11784
3.73734
3.76253
3.02229
1.97779
0.955856
3.46498
3.45443
3.09402
2.91021
2.50859
2.33704
3.1355
3.80541
2.17284
3.85836
3.68354
2.14615
3.52301
2.84785
2.85059
4.60902
3.60004
3.19049
2.65219
3.95927
3.15661
4.60286
1.31136
3.97634
2.92743
3.35503
2.55042
2.78738
3.22671
3.07037
3.25382
2.96743
3.10238
2.46537
2.72366
2.02319
2.80037
1.85997
2.90259
3.26591
3.03655
4.92111
2.39077
4.3653
3.68557
2.04775
3.38462
3.20776
3.0079
4.02957
2.2808
3.29759
2.51076
4.07759
2.38643
3.03314
2.45141
3.1611
3.02561
3.54659
2.04085
3.07602
4.61858
2.4467
1.73324
3.20428
3.12162
4.47383
2.35022
3.02088
2.31959
2.90063
3.41949
4.28669
4.82021
3.23643
3.60953
3.56997
3.87338
3.48719
3.75073
2.7044
2.74746
3.10859
3.62091
4.11254
2.83645
1.70892
1.6542
4.19447
2.99515
3.68946
2.92743
2.18376
4.36766
3.31679
2.47383
2.35392
2.22951
3.03959
2.15155
3.67922
2.71171
3.12845
2.46112
2.15387
4.19824
3.09615
3.24834
3.69108
3.41585
3.23026
2.94621
2.9865
3.84252
2.58006
4.31246
3.82562
2.3417
2.67961
2.79424
2.69698
4.40093
3.51992
2.51276
2.61156
3.8728
3.37151
2.25627
2.75421
2.87536
1.73432
3.9455
1.79935
2.42015
3.14939
2.66484
3.01661
2.93396
2.23677
4.17901
2.95066
2.31173
3.36114
3.17869
2.57297
2.71424
2.64107
2.99802
2.56986
1.90043
2.54075
3.98303
2.38822
2.60579
2.94613
2.51384
4.6444
2.66564
3.19567
2.16648
2.80517
2.30923
3.67184
4.45205
3.3735
3.1997
2.35067
3.0054
3.11024
3.18906
3.34846
3.22474
4.1434
4.35634
3.15647
2.3193
3.59931
2.65053
3.22463
3.49283
2.89774
2.34746
2.64737
3.25117
3.83932
4.09409
3.2951
2.4395
4.59727
0.984454
2.44663
2.26435
2.88676
3.60484
3.30541
3.69681
3.54799
2.12381
3.14538
2.43337
1.38602
2.87448
3.96341
2.69854
3.66412
3.73223
3.56649
2.35221
3.27441
2.86441
3.53459
3.17895
3.86938
2.87155
2.72489
2.44738
3.74622
2.96554
4.75636
2.41077
3.08365
4.13535
3.19898
2.59701
2.06256
3.53225
1.95813
1.61979
3.88003
1.52123
2.08342
2.21272
3.18286
3.28924
2.97723
2.25322
3.55719
4.07509
2.4988
1.9804
4.10331
2.50809
3.59439
3.92068
3.64319
2.9891
2.81374
1.56866
3.76565
2.56809
2.14318
3.83886
2.07353
2.36893
1.81491
4.07191
4.32146
3.90327
2.91493
2.89616
3.86071
3.98523
2.89191
3.52169
2.14058
2.71045
4.57455
3.51834
3.61617
2.26001
4.05094
2.31628
2.56504
2.04973
3.10584
2.23706
3.94176
3.29687
2.51998
3.62007
2.86903
2.70811
1.94868
3.25179
1.61449
1.84608
1.69708
3.3104
3.38061
3.40769
3.06086
3.3959
2.40654
2.33105
2.76692
2.89085
2.80423
2.99438
4.1853
2.91295
3.78194
3.08452
2.08442
3.14986
3.85394
3.4277
4.02167
1.92424
3.97069
2.07681
3.53767
2.63768
3.48582
1.82252
2.75593
2.60824
3.12741
3.466
3.63537
4.06707
3.37133
3.81327
3.30371
3.00005
2.33704
3.2331
3.37768
2.59116
3.38756
3.74397
3.12392
2.18394
2.61791
2.9299
3.66323
2.82492
3.50506
3.44203
2.25468
2.29328
2.64063
3.43292
2.32595
2.83542
2.84147
3.97613
1.82677
1.53804
2.9996
3.54671
3.20737
2.70719
2.39386
2.97766
3.32575
2.30336
2.37224
4.25647
4.07477
3.42494
3.44846
3.0866
3.67524
2.72626
2.50769
2.93072
2.14447
3.66267
3.12037
2.70002
2.16071
2.7989
3.42635
2.51103
3.2374
2.62776
2.63789
2.85485
2.34684
2.17072
3.34678
2.50535
4.11848
3.18925
4.05731
2.75755
4.44342
2.71953
3.3339
3.05254
3.91883
3.07896
3.52652
3.69201
3.71348
1.90694
2.30356
3.49234
2.37121
2.47611
3.76199
2.69523
2.95437
3.44757
2.42729
3.04931
2.55071
3.00718
2.93834
1.71573
3.60064
4.17006
2.33649
1.46365
3.8902
3.83366
4.23042
2.40291
2.19952
2.1899
2.79638
3.35387
2.68217
2.65459
3.56342
2.67802
2.80921
2.89274
2.53929
3.52196
3.21194
3.7071
3.808
3.22478
1.67138
1.96795
2.76222
2.92391
3.30757
3.3171
3.63644
2.6472
2.03745
3.53316
2.16081
3.58245
3.11201
2.68965
3.4776
3.1686
1.94063
1.96159
2.80947
3.57455
3.88166
3.30542
3.85223
4.37947
2.12319
2.79181
2.72708
2.12562
1.34762
4.43136
4.74285
1.95541
2.63535
2.4139
2.90577
2.79804
4.05916
3.25022
2.24149
3.52934
2.66208
2.49267
2.91249
2.43253
2.82533
2.46751
4.06656
3.1882
2.22819
2.49796
3.82851
2.26134
2.01909
2.82694
3.71025
1.87876
2.78428
2.97826
4.01237
3.68439
3.23408
3.13845
3.25003
2.76799
2.70919
2.89833
3.93928
3.37285
3.06122
4.58003
2.26755
3.95957
2.20306
3.04048
2.63063
3.75188
3.40115
3.40816
3.70428
2.67508
3.90192
3.42682
3.8449
2.73971
2.89271
3.0126
2.54287
3.24577
3.97394
4.50231
3.75865
3.19534
3.04896
3.96327
2.92117
2.85983
2.8926
3.41945
2.44225
2.26883
3.6435
2.24957
2.06425
3.05859
3.20603
4.10068
2.86369
2.48198
4.18794
2.52757
3.06063
2.03584
2.61839
2.95421
2.5375
3.91425
3.81831
3.15803
3.06931
3.57504
3.36023
3.64624
3.10589
3.35327
2.95597
2.7565
1.47628
4.36823
4.81728
1.83782
3.20625
4.64148
3.21746
2.88863
2.81206
2.59083
3.56158
2.1267
1.61165
3.83003
2.03935
2.31046
1.96388
2.81118
1.67362
0.991452
3.00251
3.21999
4.14302
4.67776
2.99196
3.38814
3.21626
2.59554
3.6804
3.05114
3.03505
2.42623
3.4837
4.33176
4.73451
3.1971
3.05798
2.23495
4.60851
2.49348
1.58944
2.92546
2.93783
2.28145
2.55874
3.2762
3.61074
2.36451
2.87202
4.13918
2.11871
2.50841
2.57443
3.53069
2.8238
2.31454
3.0039
4.04739
3.12642
3.04751
4.05622
3.62068
2.2666
4.19544
3.13049
3.19703
2.2438
2.53546
4.022
2.29735
3.06437
4.40344
3.31728
2.77397
3.08995
1.52356
2.39331
2.86826
2.58123
2.08053
3.73682
1.76326
2.50648
4.45289
3.23839
3.52955
2.91109
3.79478
4.17445
2.94532
2.55289
2.5248
3.12211
2.864
3.13942
3.12209
2.99138
2.82281
3.86925
4.64635
2.45952
2.04803
2.94015
2.72651
3.0294
2.48052
3.87162
4.56794
3.22056
2.70029
2.87533
3.43219
3.71445
3.15659
1.67721
2.43016
3.4172
2.93326
2.76611
3.6859
2.47934
1.88536
2.56543
3.48864
2.95318
2.74059
3.52222
2.42627
4.17611
2.93952
2.90644
2.88721
4.05363
2.17557
2.49463
2.42361
1.57214
2.64175
3.29178
2.70752
2.10398
4.0234
1.45535
2.93054
2.82159
2.28901
2.77156
3.42817
3.30655
2.65934
4.38832
4.17688
4.2569
2.1769
2.79915
1.8422
3.58586
1.26171
2.67089
3.42968
2.38495
3.7174
2.87008
1.35539
3.66745
2.75251
2.52898
2.01366
2.92656
2.74788
2.92713
2.21883
3.24278
3.49443
3.33945
1.79041
4.14795
3.06378
2.18775
3.1081
4.55548
3.23534
1.85115
2.68095
3.7468
3.91348
3.53565
1.7808
2.8021
3.46946
4.21012
1.38184
1.99487
2.64069
3.06636
2.79924
3.76436
1.89514
3.49524
2.68543
2.30868
2.73435
2.13837
2.0505
1.83622
2.85284
2.99582
2.33385
4.04508
2.28095
2.82592
2.58745
2.128
2.14532
2.52127
2.8732
4.04012
3.56299
3.7212
2.43352
3.47819
3.6452
3.55646
3.18214
2.35928
3.1042
3.1496
2.90326
2.95705
2.39634
2.43815
3.67411
3.04254
3.01559
2.05533
3.19654
2.40911
3.0745
4.672
2.70809
2.05487
2.81169
2.62584
3.07774
3.79392
2.19404
2.90073
3.73888
1.90191
2.46513
2.99063
3.46055
2.30108
2.92192
2.54592
3.39861
2.94792
3.23477
2.86961
2.17896
2.73966
2.83543
2.16096
4.56623
3.48105
2.76148
3.81863
4.12506
2.97254
3.33099
3.60683
2.28895
3.75941
4.05536
1.93003
3.69085
2.02275
2.09801
1.99999
2.73842
3.61202
2.99919
2.48932
3.4929
3.89361
2.08406
3.40582
2.57258
1.83372
3.15379
3.51401
3.92619
2.69193
3.63345
2.8497
2.4107
4.32751
4.21315
3.9327
1.88991
2.43861
4.15585
3.41334
3.15938
2.28639
3.10329
2.31429
3.38797
3.16825
3.9872
3.60929
4.16881
1.75112
3.4291
2.44666
3.8349
2.60578
3.11554
1.22481
2.83149
2.32667
3.26016
3.11146
3.4527
1.25674
2.74501
3.64906
2.2769
2.3331
2.71392
2.15381
3.23269
2.96623
4.0283
3.0716
3.12983
4.18363
4.7999
2.14481
2.97714
3.39156
2.59911
3.41689
3.03075
2.82006
3.88925
3.43028
2.73279
2.71566
3.05681
2.57885
2.92473
3.19673
3.1247
3.28986
1.73503
3.26695
3.23456
2.92249
2.18559
3.66278
3.17663
2.73983
4.29444
3.88886
2.20005
3.81029
3.01386
4.14298
3.9083
3.87058
2.56455
1.70738
2.84595
3.09062
3.02111
3.28091
2.77918
2.71057
4.00761
3.12662
3.74549
3.47721
1.31975
1.68174
3.16064
2.45967
2.63507
3.33981
1.95198
2.69746
3.60279
3.07236
3.79062
4.36913
3.91242
3.87604
3.74341
3.84091
2.51916
1.57226
3.54154
3.12474
2.98131
3.47869
2.96418
2.46603
2.36338
2.74924
2.76117
1.45706
2.98898
2.74486
4.08653
3.10331
2.38122
3.1199
4.09204
2.31414
3.53185
3.4388
2.70155
3.46068
2.93594
3.28881
3.70654
2.87391
4.22319
3.43868
2.96313
4.114
2.44334
3.57997
1.7239
3.19609
3.537
3.61584
3.50073
2.44106
1.79298
1.92225
2.59804
3.56771
2.90953
2.92177
3.67106
3.10296
3.97137
3.64768
3.1637
2.82658
3.82208
3.19876
2.47856
2.39701
3.2005
3.89617
2
2.631
2.88655
2.926
2.82386
2.98121
2.2312
3.1506
3.06266
3.7859
2.90487
2.39311
2.92007
4.65995
3.14153
3.81457
4.62126
2.82863
2.31547
3.63472
2.87304
3.04188
2.85397
2.09831
2.09862
2.83762
4.95752
2.77464
2.88741
3.93284
1.77554
2.91835
2.30874
1.73496
4.02537
3.37706
3.14195
2.56031
2.30072
2.40568
2.62679
2.31943
3.38074
2.18907
1.51528
3.29827
3.80723
2.81504
1.61744
2.199
3.79631
3.46646
3.27252
3.359
4.29372
2.84201
2.36207
1.6849
2.50609
3.65486
3.29133
2.11157
2.69675
3.18514
2.5929
3.96258
3.59034
2.24958
1.19668
2.11349
3.72947
3.94184
3.72351
3.51026
3.92646
2.45838
2.37429
2.60942
2.16479
3.43356
2.2404
1.98764
3.32037
2.59938
2.66104
1.00323
3.78114
2.68574
4.23111
3.69207
2.56837
2.7993
3.6772
3.36923
1.99056
3.33821
3.77237
4.00659
2.42085
2.88829
2.77678
3.47132
3.22067
3.42075
3.11046
4.8828
2.18506
3.70701
4.07962
1.57537
2.53588
2.04576
2.76297
3.06468
2.63356
3.20851
2.42164
2.77416
4.31744
1.963
3.7328
3.86801
2.62689
4.79377
2.94899
2.71883
1.80143
3.14609
3.07602
2.76583
2.6679
1.56936
1.87662
2.20107
2.50933
1.56127
1.2593
3.01022
3.72066
2.89765
2.88777
2.74423
1.9394
2.99775
2.43702
3.52742
2.58669
2.97643
2.76736
3.5278
2.29292
3.05425
1.77774
3.21107
3.56493
3.78573
4.00059
3.10131
3.6667
3.17492
3.24093
3.72526
3.30914
3.10525
2.70881
2.65096
2.54001
2.38011
3.91433
3.98383
2.53699
2.43878
2.3003
3.8046
3.36403
2.46696
3.14065
3.38706
3.5756
3.40555
2.9802
1.60502
3.29903
4.63687
3.38554
1.75191
3.11914
2.52125
1.94385
3.2152
2.77739
3.11203
2.42743
3.0782
4.16765
2.02687
3.86311
2.45398
4.38216
3.48767
3.83431
4.60284
3.33888
4.3901
3.18732
1.58269
1.59902
3.55318
3.02947
3.37447
1.33072
2.29571
4.12608
2.62826
3.95483
3.21941
1.68625
2.5376
2.82066
2.02588
3.99792
3.36563
2.73754
3.16056
3.78343
2.62928
2.97777
2.39914
3.30405
3.20068
2.79223
3.01599
3.41715
2.62719
3.30956
2.72055
2.83074
4.20491
2.28823
3.45961
2.04083
2.64948
4.40635
2.88497
2.97037
2.56326
3.75896
3.75301
2.50724
2.68364
4.11751
2.61134
2.7751
2.08617
3.48646
3.10112
2.42292
4.23689
3.29332
2.25006
3.33081
1.86422
2.55907
4.19813
2.59463
3.5361
3.49149
3.04649
2.03774
2.1308
2.89954
3.58361
2.68238
2.94384
2.24811
3.28974
2.44999
3.58738
1.8221
2.50603
1.72842
3.92718
2.15988
2.20354
3.15776
3.68528
3.25441
1.72469
2.58669
3.82507
2.71772
2.5401
3.36378
3.05682
1.91844
2.16425
3.50225
2.45707
4.00212
3.20163
3.07055
1.36179
2.6502
2.92787
2.21646
2.90007
1.53871
4.25701
3.16227
2.72935
2.6983
2.40167
3.63458
3.84813
2.46976
2.87451
3.42504
5.15184
2.3251
3.41522
2.34018
3.16701
2.16261
3.55015
4.53467
3.06472
1.57373
2.60738
3.06682
3.7358
2.70585
2.8076
3.13339
4.0156
2.65356
2.63852
2.27183
3.54482
2.50502
3.47403
3.04005
2.9716
3.00921
3.74374
2.73353
3.33142
3.85039
3.40913
4.41945
2.43711
3.37675
2.96371
2.62661
3.92874
3.39956
3.6811
4.30205
3.64421
3.77006
4.06334
4.72349
3.33221
3.62203
4.59403
2.53841
2.16726
3.8791
2.54191
4.35709
3.04202
2.80001
2.1741
2.75039
2.58107
1.95138
3.45577
3.85714
2.25492
3.19879
3.26032
2.17813
1.92587
3.01565
2.73689
3.39799
3.51037
2.89545
2.57819
1.85108
2.74984
3.32696
3.67796
3.80797
2.63218
3.96855
2.74586
3.06913
2.95808
3.68254
2.80838
2.03723
3.9324
2.68133
2.9677
3.57776
2.97224
3.0098
4.25423
4.14569
2.52865
2.36392
2.38222
1.40383
3.62192
3.06851
3.79792
2.73948
3.05868
3.35885
2.97431
3.32138
3.10537
2.37877
4.14756
2.68342
3.50352
3.54492
4.51021
2.24414
2.895
2.68056
3.42491
3.33941
3.45443
3.3184
3.41372
2.65956
2.80581
2.31106
2.3438
2.13544
2.01386
3.75594
3.07406
2.93287
3.24989
2.38342
4.05264
2.37807
2.22697
2.83357
1.9016
2.56032
1.50519
2.53683
2.32654
3.86056
3.72157
4.07207
2.18722
2.95025
1.90763
1.56415
1.7648
2.49304
3.66014
2.92328
4.13157
2.2755
2.93296
2.88113
3.23164
4.14006
2.32281
3.30307
3.06048
3.53342
2.98193
2.52214
2.81868
2.85976
3.7787
2.12658
3.74236
3.93185
3.39638
2.16231
3.71951
2.08018
2.86968
2.10076
2.84035
4.50228
3.47297
3.76784
4.62157
3.01135
3.24455
3.18601
1.99147
3.80614
3.60533
3.23883
4.50811
3.17453
2.68429
1.80393
2.43236
3.60505
2.91423
3.74248
3.09819
2.55429
3.19017
3.39233
3.81966
4.2498
3.25555
3.63424
3.17639
2.95171
2.18042
4.395
2.7321
2.92986
3.09045
2.56623
3.02383
4.05012
2.92457
2.98867
2.57576
2.19581
2.79944
3.96498
3.45847
2.82852
2.78225
3.3262
3.19413
2.90472
3.06804
3.94906
2.54908
2.71282
3.27483
3.30044
3.4885
3.7377
2.2216
3.33292
2.4175
3.09865
3.54749
3.20779
2.77561
3.95571
2.73366
3.01604
3.71322
4.06728
2.28494
3.10775
1.96323
2.70739
2.73402
2.86071
3.31637
2.82648
3.43274
2.31123
1.93326
2.65309
2.74687
3.5776
2.69945
3.1513
3.74926
2.78346
2.6705
3.15896
1.72322
3.30569
4.13009
3.03158
2.46211
3.87008
3.01659
3.56183
2.31008
2.47411
2.17329
3.37273
2.47221
2.98869
2.39079
3.85262
2.63317
3.29325
2.27488
1.53396
2.90752
1.73171
2.8016
3.0761
2.65607
2.96926
1.60485
2.44894
2.74374
2.89925
2.30579
1.87664
3.36469
2.66052
4.20138
3.188
2.5951
3.18557
3.50008
2.2941
3.9162
2.65807
2.35725
3.06356
1.91689
2.93921
3.07766
2.29184
1.82934
3.27841
2.18677
1.67968
3.86441
2.38049
1.58312
2.62158
3.53822
2.86961
2.63882
1.88252
2.88164
3.61799
3.71823
3.2578
3.36173
1.83399
3.84728
3.23988
2.57877
2.94061
3.40173
3.45238
3.58851
3.35063
3.03205
3.56955
1.65656
3.06012
2.33088
2.38009
3.12305
3.12775
2.85486
1.83328
4.09922
3.7486
3.15957
3.72234
2.61542
3.80554
3.1465
3.76352
1.98936
3.38682
4.15825
2.58855
3.42342
2.35512
2.13741
3.28862
3.68879
2.67069
3.08773
3.55549
3.05667
2.58897
3.40855
2.9818
3.99
3.13901
3.50463
1.84455
3.47855
3.05816
2.17542
2.46929
3.25156
3.3448
2.27203
2.42683
2.23456
3.43833
3.32408
2.48402
2.53156
2.74612
3.60542
1.63348
1.84979
3.84246
3.48889
3.14952
2.19186
4.02452
2.76286
3.01749
3.89131
3.72288
2.67452
4.14418
2.10729
2.4873
3.0224
2.94589
3.36672
2.8433
2.2007
2.63576
2.89955
3.39982
4.08863
3.2511
3.38418
2.58369
2.30861
4.58046
3.61644
3.7372
2.76509
2.84195
2.91202
3.30754
2.83874
2.88382
3.30575
2.9423
3.44153
3.59555
2.48137
1.72446
2.75708
4.24605
2.73153
2.94716
4.31494
3.37206
3.27025
2.57826
2.55995
3.09787
3.09078
3.00844
3.6896
2.86986
2.34375
1.80447
2.86477
0.973406
3.60651
2.58287
2.8085
2.95861
3.14797
1.83082
3.56588
2.78164
3.43481
2.34021
3.96666
4.15637
2.33754
3.05848
3.75771
3.39109
3.41973
4.11151
3.87325
4.36035
3.38104
3.57107
3.56946
2.94215
3.47896
1.8365
4.11119
2.60965
2.95
2.2953
1.97731
3.992
2.15788
3.22446
3.23942
2.19025
2.91719
2.73433
3.71116
3.48653
3.557
1.76569
2.14024
1.84139
3.98867
3.8603
2.82886
2.68678
4.01072
1.32073
2.93997
3.18421
1.19472
1.74277
2.68864
2.13856
3.56433
3.47834
2.63506
3.06139
2.5301
3.2152
3.40241
3.86874
3.03977
1.56861
3.98142
2.87296
2.13497
2.18307
2.86758
3.39006
2.7562
2.27685
3.68083
3.33233
3.47721
3.96629
2.93631
2.24159
2.52367
2.37455
3.92978
2.12658
2.93366
2.66877
1.72202
3.70472
4.59996
2.63026
2.47663
3.33194
2.28499
3.98736
2.79006
3.10158
3.34928
2.074
2.66134
3.29807
1.90351
4.22746
0.974141
3.16493
3.53968
2.16875
1.86826
4.07753
2.50615
2.41662
3.25031
3.04595
3.17189
3.39059
4.11747
3.34308
4.22792
2.51455
2.35271
3.44855
2.71181
3.095
3.49672
2.5208
3.355
3.67622
3.88881
2.09776
2.51875
2.16875
1.50566
3.36777
3.63582
3.45846
3.2384
2.84479
1.91738
3.64761
2.79884
4.37971
2.73246
3.77717
3.30052
3.5388
3.64786
3.35944
3.19933
3.48361
4.18239
2.05019
3.7264
2.88532
3.95461
3.19401
2.61194
3.36913
3.40511
2.4665
3.50645
2.99846
4.49209
2.70109
3.51852
3.50177
3.29121
3.23512
4.10496
1.33423
2.9211
2.37717
3.63745
2.52854
2.75563
4.43188
1.76403
2.22122
3.71045
2.85754
3.25199
2.55023
4.2914
2.90633
3.88484
2.12509
3.32436
3.05053
3.88429
3.4768
2.51317
4.15936
2.15572
4.18155
3.1789
3.00668
2.59388
2.88944
4.06131
3.09964
2.37244
3.39375
3.97106
3.33741
2.32406
2.73823
2.88645
1.08181
3.76327
3.16896
3.66264
3.34851
2.41339
2.85829
3.14803
1.58253
2.42008
1.42958
4.1394
1.95231
2.27135
3.15065
3.15982
3.72782
3.32545
3.32202
2.43629
2.7727
3.3121
1.35686
3.28248
3.77237
3.2614
3.69097
2.4849
2.64929
2.96893
2.05898
3.40706
2.95724
2.51917
1.77755
1.92924
2.74483
2.53796
3.41946
3.51149
2.46914
3.44699
2.76378
3.6173
4.86179
3.87582
3.00439
1.78512
3.50411
3.3571
3.40819
2.01901
2.7727
3.32252
3.50193
1.85587
2.36375
4.06167
3.55581
3.16971
3.50339
3.72716
3.8685
2.75565
3.14986
3.10666
3.76999
4.38847
2.94394
3.27063
3.39929
2.34291
2.94433
2.57582
1.87251
2.90687
3.77674
2.60249
3.05241
3.06763
2.27581
2.68346
2.76764
3.50889
2.79691
2.63154
2.09374
3.92081
1.67689
3.2821
3.58392
4.35406
3.23473
2.1298
2.73658
2.63649
2.45948
2.77537
2.48568
4.04102
3.69495
3.4775
3.45214
3.13689
4.17251
2.63121
4.2575
2.65116
2.18514
2.17387
3.32443
2.0734
2.71142
2.87479
2.80684
3.11468
3.11021
3.07807
2.02428
2.99004
2.41454
4.3631
3.74613
2.53215
3.08525
2.04524
3.46502
3.42701
3.59335
3.8527
3.6437
1.28389
2.59145
2.49457
2.85485
2.61558
3.94216
3.28835
3.12804
2.51391
3.11597
4.49885
2.92315
4.70034
3.01409
1.50547
1.93969
3.12035
3.21093
3.05562
3.11116
1.87346
3.85613
3.2593
3.65711
2.98086
1.74021
2.68785
1.5109
3.23991
3.00463
3.24049
4.06262
3.14228
3.2211
2.05081
3.04321
3.57148
3.18011
2.43149
3.16506
2.18115
2.71917
4.13373
2.91064
2.83697
2.42283
2.87376
3.53374
2.63293
3.05744
3.65546
4.32827
3.49608
3.03118
2.32204
3.30038
3.49754
4.16109
2.38358
4.29164
4.03773
3.04242
3.67383
2.89227
2.90937
3.31797
3.40264
2.49049
2.0798
3.39594
4.58935
2.61228
1.60841
2.88901
3.09992
3.38058
1.7251
3.85503
2.25401
2.53105
2.96393
2.28852
3.96813
3.0126
2.47059
2.38795
3.41562
3.28724
3.00289
3.17515
2.92851
3.131
2.8127
2.78728
3.45194
2.4085
2.95166
2.40624
4.05064
2.8992
2.73222
3.54356
2.4257
2.48475
3.16072
2.51909
2.51632
4.11732
3.0816
3.50644
3.22949
1.91554
3.7872
2.17518
1.88481
3.0592
5.07184
3.9809
3.85989
3.00832
2.14943
2.86378
2.24459
2.67905
1.94782
2.94943
3.24628
2.78878
3.0006
1.75811
2.91048
2.8483
1.85245
3.96506
2.59051
4.1479
2.87674
2.48255
2.71621
3.04047
3.4804
2.96088
3.4354
3.44818
2.86147
3.11226
3.148
3.179
3.42332
3.7478
4.0272
2.14128
3.237
4.31621
3.15904
2.74467
2.8904
2.58183
2.789
3.06404
2.50005
2.64638
1.64857
3.21424
2.97073
2.82806
3.45517
2.84982
2.41153
2.53056
4.70617
3.67628
2.71418
2.92298
3.3861
3.47599
2.80493
1.87275
4.44214
3.26053
4.31495
3.28622
1.90455
2.68472
3.8969
2.65817
2.41102
2.70648
3.77864
3.53907
2.79081
2.68431
3.10709
2.45637
2.76808
2.64008
3.4465
2.34001
3.58417
2.41331
2.36791
2.64282
3.56002
2.81007
3.04596
1.9838
4.107
2.34836
2.8645
3.04946
2.97519
3.90775
4.07681
2.329
3.36638
1.78391
2.55871
1.58763
2.84975
3.47435
2.82369
2.86408
2.93982
3.09077
3.64189
2.48519
2.19979
3.14942
3.20831
3.91603
3.59272
2.0814
3.88308
3.69129
3.69797
3.61364
1.58719
2.8955
2.90541
3.18615
2.95462
1.28317
2.471
1.79093
3.9708
3.21662
2.63364
2.26946
3.54536
2.14393
2.8214
2.90625
4.11034
4.38129
2.53424
1.75458
4.53625
1.48638
2.15317
3.124
1.75341
1.53883
2.95352
2.96704
3.2171
3.00523
3.46293
2.39902
3.68449
2.6893
3.39932
3.87263
2.00489
3.35438
2.50095
3.99107
2.46287
2.80789
2.95075
2.92832
3.39824
3.63356
2.73912
2.41575
3.11489
3.10153
2.3105
2.97767
2.67887
2.801
3.25848
2.87041
2.2483
3.64932
3.86433
2.7298
2.83502
3.5313
2.75175
2.60329
3.99923
2.65688
3.50461
3.29518
3.87072
2.68002
2.50495
3.38384
2.2582
3.85766
2.9979
3.10283
2.39782
3.64097
2.72982
3.42583
2.80356
3.10238
2.9863
2.85863
2.80637
2.76169
2.79553
4.28983
1.83927
2.83525
3.78132
3.4896
1.99919
2.28409
1.87478
2.19478
3.98572
3.0542
2.85305
3.72541
3.51718
3.28734
3.02802
3.6187
2.96816
1.49212
1.87228
1.80646
3.91652
2.68817
3.80961
2.18312
3.56978
4.0992
2.83933
3.09579
4.05287
3.71709
2.98647
2.9498
2.39345
2.05997
2.90247
2.9123
2.93435
2.61884
2.60368
3.64145
2.60513
2.01703
3.26378
2.86908
3.14867
2.88368
4.09738
2.86479
3.03485
2.21337
4.10357
1.54187
3.40833
3.10124
2.98914
2.89631
3.09322
3.80915
2.4872
3.02894
2.48415
1.7313
2.54685
3.46251
2.87053
3.60325
2.21734
2.59499
2.67903
4.53186
2.58917
1.92215
3.24063
3.78444
1.93587
1.20192
3.38762
3.0298
3.03757
3.41455
4.44333
2.80548
3.73053
2.76402
1.57166
2.20337
3.94003
2.6291
3.58636
2.71216
2.76069
3.65879
3.63284
2.56134
3.31728
2.5696
2.22918
2.45226
3.38358
3.71135
2.74326
2.21793
2.95449
3.19866
2.71648
2.78028
2.93724
3.87513
2.4829
2.9155
4.22295
4.23296
2.84945
2.42298
3.58001
4.41381
4.24128
2.34238
2.56349
3.87361
2.36985
3.60519
3.87706
4.22254
3.1618
4.16877
2.3746
4.03364
3.95483
4.01901
3.61021
3.46342
1.52975
4.38915
2.92589
2.59063
3.11027
2.86935
2.48718
2.68772
3.26741
3.77275
1.99954
4.06464
2.70807
3.72933
2.55401
2.3979
3.58912
2.37606
2.86678
3.88897
3.69875
2.55742
2.97726
3.81231
2.10507
2.17336
3.76379
3.02937
3.02034
2.82404
1.29836
3.34401
1.5287
3.58161
2.2085
1.89239
2.00329
2.92848
2.21784
2.74155
1.97238
2.23697
2.61608
2.53135
3.51937
2.35235
4.41781
3.15795
3.87601
2.49652
3.22284
3.78173
3.23962
1.32022
3.30602
3.64618
3.15435
3.1987
2.72568
3.52063
4.18377
2.02935
3.39449
2.22594
3.25612
2.30254
3.9291
2.48356
2.73417
2.97228
1.64805
3.69756
3.04126
3.56852
3.59554
3.07622
2.97257
2.59177
3.31287
4.01451
2.88466
2.95942
3.65035
3.63268
3.91004
3.2753
2.50649
2.46961
3.69956
3.46664
3.32326
4.1474
3.51966
2.55742
2.47321
1.73999
2.79626
2.62792
4.50846
3.01875
4.08188
4.2759
2.52489
2.87339
3.25195
3.89663
4.11658
3.17779
3.86436
3.16448
2.25808
2.7073
3.1266
3.88392
2.75517
1.48595
3.43936
3.15557
2.84748
1.87729
2.57966
3.98919
2.57387
2.50844
2.54972
2.44789
3.49574
2.39183
3.23417
2.68827
2.84727
2.4712
3.69455
2.2752
3.16593
2.84552
2.64353
3.10483
3.84311
4.23495
3.79159
2.19973
3.27957
2.64001
4.45449
3.89725
2.70123
2.24166
2.85038
3.89583
2.94186
3.19392
3.65765
2.59847
3.17946
3.28897
2.60039
3.64947
2.82733
2.5722
3.20586
2.48491
3.22193
3.06323
3.51745
3.50763
3.4893
2.79464
3.11295
3.77885
3.06103
2.3912
3.08827
3.63672
1.9943
3.21837
2.42617
3.17628
2.85037
2.61829
2.33495
3.25301
2.44118
4.0049
3.48065
3.84954
2.18653
2.64734
3.63392
2.14472
2.68632
2.57015
2.53624
2.68347
3.56513
2.4575
1.98156
2.69356
4.12941
2.76841
3.34032
4.14732
2.06671
3.72692
2.55291
2.74895
2.11881
2.93612
3.3212
1.66926
2.31743
3.16874
3.14573
3.42897
1.65233
2.42246
2.86553
2.74652
2.82744
1.50913
2.1961
3.38353
3.77789
3.43952
2.42797
3.57487
2.10804
3.54149
2.74014
2.6028
1.81706
3.16157
2.36947
3.11922
1.9592
2.97573
2.73949
3.10402
3.10383
3.24472
2.81939
2.19369
2.54586
3.32682
3.70504
2.8625
3.09232
2.9321
2.40486
4.11949
3.73486
3.74676
2.97823
3.30898
2.31632
2.5525
2.23708
2.45696
3.43861
4.00426
3.14692
2.82188
2.69771
2.71753
3.10444
3.10407
2.36797
3.84719
3.28905
2.8377
2.14506
2.23341
2.26181
2.60288
1.98705
3.00436
2.24773
2.61697
3.45963
2.92745
3.21117
2.85453
3.24131
1.01384
3.48609
3.13711
3.43254
2.96832
3.98376
1.83435
2.11624
3.20864
2.72811
3.18194
3.69596
3.45128
2.66618
3.51444
3.17568
3.52012
1.67482
3.77226
2.68179
3.59494
2.35228
2.58534
2.69197
2.38821
2.63386
4.42388
3.03184
3.17617
3.54232
2.56109
2.12052
4.51939
2.70524
3.43303
2.97999
3.63299
2.78224
4.32269
2.29971
2.59958
3.30516
3.10522
2.62873
3.53174
2.43333
2.70671
3.02357
2.63876
1.94202
2.43089
4.12431
3.22273
3.63181
2.32381
4.20308
2.22386
2.72075
3.95593
4.7232
2.52119
2.7991
3.03911
2.88918
3.33508
2.34483
3.99727
2.48727
3.86058
1.81577
3.21419
2.81509
3.22661
2.56014
2.1389
2.71381
4.82255
3.91889
2.6949
2.94675
3.99521
2.60114
3.63379
3.03887
3.54931
3.35069
3.41238
2.83383
2.7704
3.31624
1.47147
1.88183
2.22594
3.49486
2.93908
4.05395
2.70348
3.15888
2.22149
1.3739
1.74718
3.34626
2.60518
3.69466
4.4215
4.26187
2.53893
2.92181
2.46318
3.18602
3.20976
3.1922
3.20512
2.70194
3.0665
3.03283
3.07964
2.30738
2.87504
2.45348
3.86815
2.11642
2.98891
4.51661
3.16185
1.73756
3.83955
3.32508
2.44942
2.90274
2.80071
2.29856
2.46939
2.27938
3.83249
2.13442
3.24417
4.02119
2.57502
4.08619
3.04385
1.39779
2.66318
2.78705
2.20897
2.64314
2.56975
3.38281
2.37836
3.43845
2.85817
2.64271
2.34836
1.86329
3.66803
2.57266
3.45383
3.92057
1.77512
4.20184
3.52368
3.47076
2.89127
3.96602
3.82523
4.07443
3.31391
3.22377
3.12715
1.51906
2.76903
3.41296
3.03722
3.53956
3.03598
1.93254
2.71951
3.91394
2.45805
1.32799
4.38694
2.06552
3.99383
3.85117
2.81023
1.85614
2.90041
2.53692
3.62784
2.28984
3.55519
3.72167
4.72925
3.61799
3.37973
3.1606
3.02084
3.84516
2.20926
2.28044
3.95356
3.45317
2.03291
3.84738
3.9073
3.46057
2.37593
2.05296
2.87508
2.74048
4.21006
3.07418
2.86344
1.99892
1.45587
3.47086
4.09194
3.99269
2.06086
2.72495
2.81124
2.30313
3.2591
3.3089
2.79233
2.82317
2.32485
3.58228
3.11215
2.496
3.82588
2.14199
2.94393
3.59922
2.74039
4.73996
3.30653
2.00675
4.10035
3.24577
2.43294
2.91961
1.56835
3.18505
2.4007
2.66954
3.6198
2.80378
2.50332
2.1688
4.16482
2.09641
2.32216
3.503
3.0605
2.03614
2.10832
2.36018
2.73756
2.26587
2.90288
2.21706
2.05283
4.01897
1.15586
3.02563
2.20224
2.62925
3.30076
3.87865
2.89751
3.68786
3.4082
4.31496
4.31687
2.86942
2.71078
2.82427
3.47117
3.16765
1.93547
2.69029
3.22444
3.07736
3.26643
4.34519
2.86638
2.59378
2.60755
2.9707
3.16001
3.60282
3.61546
3.15749
3.84772
1.86974
3.27855
2.29242
3.14739
2.69067
3.41345
2.23994
3.25989
2.78343
3.53797
2.56496
3.17017
3.50324
1.52347
2.61103
2.511
3.67437
2.26967
3.1572
3.65093
2.95389
3.0381
2.03738
3.57065
2.97675
3.87671
2.35906
2.90459
3.33993
3.40804
2.06325
3.3966
2.99547
3.71308
2.71313
3.50809
2.07134
2.47431
3.27977
3.15222
4.05582
2.14471
2.4762
3.93528
3.76575
3.40385
3.70369
4.15819
2.28225
2.43064
3.7566
3.04659
3.58399
2.3385
2.52086
2.41942
3.09472
2.72196
1.94902
3.08481
2.94901
3.67689
3.50307
2.98425
3.97844
1.40747
2.77896
3.53508
2.82035
2.83599
3.43644
4.26408
1.92506
3.36004
2.4172
3.08495
2.70361
2.55602
1.63673
1.97366
2.23891
3.2664
3.87823
3.55076
1.44123
2.78824
2.83546
1.99807
2.89449
2.50432
2.81014
2.77055
4.19746
3.51929
2.55473
3.40216
2.49384
2.88721
3.32552
3.57826
2.79309
3.06799
1.66856
3.04129
2.29489
3.19048
2.80249
3.98516
1.77679
3.62389
3.57699
2.48755
1.80629
3.90717
2.74061
2.7795
4.09823
3.23719
2.78927
1.84938
2.92824
2.80614
3.92381
2.45813
3.46214
2.67986
3.69836
2.11323
2.3806
4.00579
2.47637
3.24072
3.53196
2.75442
2.23356
2.67802
1.38128
2.45781
3.0572
1.72093
2.43685
4.22951
1.84058
2.81379
3.58804
2.94452
3.19953
3.0111
0.674884
2.51428
4.10348
2.87524
4.60427
3.2034
2.54872
4.16987
3.09278
4.00977
1.954
3.18366
2.71275
2.43315
2.11938
3.12288
3.14513
2.00461
3.97941
3.74606
2.69596
2.82305
2.42563
4.21386
2.50694
2.34989
2.27023
2.9578
1.87768
2.62808
2.16848
2.95327
1.85791
2.20502
1.53341
2.92338
2.8843
2.83028
3.38237
2.555
2.8285
3.61189
3.79726
4.42672
2.41928
2.8575
3.11406
3.39808
2.65171
3.31215
1.88489
2.20545
2.72434
3.234
2.84333
2.52434
2.32471
2.83368
2.63188
2.17907
2.47863
2.49096
3.81952
2.66964
4.307
2.49679
2.63655
2.32833
3.68598
2.76827
3.08074
3.92572
3.64919
4.05733
2.98162
3.30475
2.53
3.38767
3.55679
3.01877
2.3265
3.18552
4.24305
1.86796
2.10081
3.525
2.48656
2.55936
3.52747
3.66947
4.35329
2.85391
2.67486
2.61481
4.41386
3.45878
3.81203
3.27537
3.0169
2.89197
3.27168
2.75263
3.71322
3.6986
2.44304
2.13163
1.92826
3.79854
3.13667
2.72492
1.53887
2.61325
2.41369
3.19638
3.9764
3.16455
1.82139
3.80615
3.33091
3.48207
2.72576
2.68855
3.53206
2.78377
3.16943
3.80222
2.37935
2.74203
2.63574
4.54042
3.38733
2.82006
3.04287
3.50054
4.11991
3.26766
4.27644
2.88524
3.48105
2.58921
2.88826
3.72021
2.98771
3.13619
4.36397
4.13173
2.63597
3.46769
2.38825
2.88503
2.85274
2.66113
2.94696
2.8925
1.88821
2.08505
3.70284
2.87266
3.08781
2.73811
4.37005
4.8028
2.41954
3.91058
2.91634
2.70052
2.03617
3.73281
1.91828
4.08252
3.01968
2.49199
3.63163
2.50887
2.10993
3.45709
3.47996
3.24234
3.86431
2.73845
2.58738
3.14895
2.03206
2.96781
2.37212
3.68922
3.0016
2.9342
1.88666
3.54896
2.98012
3.02026
3.11223
4.20901
3.36074
2.10982
3.28501
3.00027
3.56396
2.60093
3.56843
2.64305
2.72989
2.96329
2.84562
3.40017
3.73379
2.62526
4.41261
3.37861
2.07254
3.04109
2.96093
2.35167
2.58882
3.10075
2.13815
4.29128
3.69202
2.70378
3.83129
2.94221
3.05416
3.97314
3.90412
2.90803
4.22873
3.32729
2.21649
2.84056
2.39982
3.07849
2.13406
3.58683
2.09573
4.21807
2.08641
2.45408
3.3613
2.46595
1.99634
2.70789
4.18369
2.89093
3.21246
2.34467
3.98579
3.56357
2.03407
2.55972
2.95749
3.29341
2.7701
4.01567
2.36749
3.93295
2.90597
1.95452
2.85102
4.20505
2.3184
2.18609
2.9769
3.04732
3.56281
4.38924
3.46337
3.41424
2.71884
2.58723
3.19506
2.80077
1.96935
2.39391
2.73114
2.19279
2.81652
3.9386
4.10071
2.86986
3.28389
2.82304
2.81564
1.85694
3.29374
3.78174
2.17693
3.20219
2.83914
3.04698
1.95496
3.19093
2.13637
2.83007
1.87544
4.01298
2.89176
2.47823
1.93411
2.32246
3.5526
3.05461
3.57018
2.87497
3.14212
3.10549
3.19332
3.50495
4.56853
2.3109
2.99507
2.18764
2.63046
2.66192
3.41862
3.19985
2.28142
3.46921
1.77084
3.47892
4.64237
2.60602
2.15895
3.88341
2.49174
2.49605
1.9286
3.44062
2.41268
2.5566
2.1279
3.19017
2.21672
2.79328
2.6115
3.04689
1.67456
1.99359
2.9491
2.12946
4.17914
3.62878
3.79008
2.06259
2.8459
3.50466
3.54195
3.75206
3.80006
2.3332
2.81802
4.1408
2.83051
2.82525
3.19807
4.02542
2.75175
3.29507
3.81411
2.82711
3.20575
3.26179
1.64406
3.11226
4.26272
3.49534
3.78455
2.66861
3.36399
3.50746
3.63485
2.48107
4.75971
2.79774
2.06467
2.61102
3.17854
1.42836
2.58531
2.01634
2.76449
3.2397
3.48904
4.01711
3.03712
3.83496
3.72895
3.18242
2.1321
1.99851
1.28762
2.84641
3.24188
3.68433
2.167
2.54925
3.11662
1.55184
3.2922
3.96732
1.28665
3.78852
3.36799
3.64232
4.01564
2.17778
3.38193
2.85041
3.21678
2.75911
2.38925
3.28238
3.5104
3.29818
3.04484
3.11118
2.53109
3.20744
2.9131
2.92189
2.18183
3.13942
3.30812
3.65396
2.6484
1.92573
3.46105
4.64971
2.98734
2.45724
2.1226
2.68444
3.58599
2.63856
2.94825
2.96453
4.18049
1.31253
3.85814
1.74534
3.23975
2.72244
3.18222
3.58618
2.53596
3.32912
2.95337
2.14565
3.72133
4.42479
1.62682
3.13172
2.71408
4.28468
2.64891
2.36471
1.07965
2.02626
3.71586
4.41194
2.98394
3.90515
2.52982
2.59826
3.10106
3.28562
2.05486
3.5604
2.31055
3.82756
3.17825
2.29811
2.99496
4.09695
3.42943
1.74964
3.08278
2.46039
3.37803
2.27374
2.55063
3.09862
4.05898
3.89618
2.29362
3.29236
2.99096
3.04267
2.71118
2.98765
2.03024
4.40562
2.43629
2.31281
2.58261
3.56112
2.45814
3.07759
4.5501
2.17378
2.70694
2.8177
1.6973
3.61256
2.30089
2.25877
2.64442
2.54455
2.46824
3.09534
4.071
2.18951
3.30388
3.7263
2.6049
3.37366
3.19327
3.41893
3.01729
3.26085
1.66875
2.08553
2.49624
3.91077
2.707
3.70599
3.60685
4.04596
4.42225
4.01271
3.39092
2.3116
3.54407
3.02996
3.05727
2.39562
3.70343
3.18796
2.38455
3.909
3.51438
2.91354
3.33466
3.56436
2.09091
2.22941
3.92443
3.23016
3.24143
4.01066
3.17535
3.38123
2.90942
4.18236
3.14488
2.9411
2.41652
3.947
3.0869
2.98242
2.64358
2.03176
3.00912
2.54315
3.74752
2.91444
2.85535
3.1019
3.31948
3.44765
2.42104
4.05669
4.34228
3.08857
2.12117
2.38361
3.42989
3.68842
4.25308
1.52038
3.90167
2.67027
2.17413
3.94577
2.00703
3.14448
3.11723
2.16357
3.36555
2.65286
3.61352
3.64178
3.60734
2.98975
4.53167
2.02065
2.1287
3.18459
3.08803
3.1068
1.15134
2.87004
2.55187
3.25078
3.59733
2.6908
3.81224
3.05091
4.17227
2.79264
1.16992
1.85772
2.55417
3.03323
3.20984
2.92406
1.96372
3.50627
4.25137
1.22747
3.22259
2.52758
3.78849
3.68547
2.36126
3.56361
3.76576
3.34018
3.35069
3.10951
2.03358
2.45333
3.10174
2.73096
3.28192
2.95361
3.7957
2.72224
3.90411
2.74032
2.8487
2.23589
2.94478
2.92764
3.49285
3.75638
2.7423
3.59656
1.58573
3.03952
2.95945
3.59493
2.95851
3.02791
2.34285
2.02426
2.50611
2.2337
2.6408
3.15772
1.74769
3.67514
3.45854
3.51918
3.17759
2.6706
2.81615
3.89342
3.07025
2.90839
3.78035
2.46924
1.69415
2.60264
1.24353
2.55419
2.82376
3.10079
4.18395
3.51793
2.40681
2.44147
2.88259
3.12791
2.91153
1.96689
4.19645
3.72815
2.3621
2.12002
3.81733
2.1468
2.92986
2.90694
1.97721
3.23338
3.75488
2.9552
2.69405
4.29994
3.51419
2.88633
4.14948
2.13819
4.21213
2.40247
3.58533
3.29338
3.16449
2.67875
3.59217
3.02575
3.29619
2.41731
3.24488
2.85567
3.09101
3.48166
3.05346
3.78255
2.16094
2.58359
1.96901
1.91148
3.71697
2.71132
2.79175
2.83746
3.1986
2.55493
3.48172
2.53395
2.59751
1.41272
3.11215
3.39833
2.32851
2.70039
2.63036
2.52723
3.55207
3.56688
2.68102
2.97241
3.76862
2.89506
3.40025
3.16206
2.26971
2.9273
3.09707
1.74563
3.41416
2.20006
2.46891
2.91797
2.08953
3.30941
2.92682
3.42099
2.75851
3.45342
3.40841
2.76771
2.05961
2.41939
3.82396
3.43674
3.46363
3.30738
2.57355
1.97001
3.26516
3.08216
1.88384
2.65106
3.53943
3.59183
1.81117
3.6874
2.92467
2.9679
3.4687
3.23643
2.40136
4.33512
3.0431
2.61929
4.1701
2.35243
1.28097
3.80835
2.30649
2.06582
3.83918
3.43159
3.52069
3.59458
2.86345
3.59132
3.61534
3.05737
4.20993
2.58682
3.56297
2.34434
3.50049
2.56647
2.4938
2.45847
2.45722
3.71456
3.5398
2.84173
1.44763
2.98352
3.69557
3.44655
3.01495
3.12073
2.86161
5.02043
3.68881
3.02892
3.50009
1.70555
1.88167
3.47399
3.18419
2.91056
2.66371
1.79398
3.75539
2.7709
1.94003
4.52482
3.39927
4.05377
3.32734
2.36595
4.1806
2.70178
3.28277
2.06323
3.19309
2.72526
3.43363
3.80964
2.77904
3.53246
3.62765
3.7385
3.0351
3.17603
3.43466
4.25241
2.90149
3.00078
3.12815
3.91345
3.12418
3.75426
2.62454
3.82549
3.57306
3.42524
3.08205
2.28785
3.21931
2.51138
3.25806
3.38017
2.9498
3.28121
2.77614
2.87202
2.5885
4.10895
3.49135
3.34519
3.17644
2.07938
3.45743
2.26311
1.66916
2.89635
2.72315
4.32941
3.05431
3.11464
3.11314
2.35967
2.25245
3.80313
4.16319
2.38486
2.99207
2.12974
3.41748
4.18999
4.02134
4.83929
1.74499
3.3101
3.64598
3.00132
2.89582
3.67912
4.10189
2.55768
4.17596
3.57868
2.80457
3.67777
2.75177
2.83489
2.18335
3.1458
3.54294
3.6402
2.19162
3.63326
3.23364
3.90141
2.78523
2.67523
2.8329
2.27421
2.4263
3.34291
2.81705
3.75003
3.50028
3.17344
3.72802
2.85533
4.49499
2.66665
3.43675
4.18087
3.21921
2.73311
2.7662
2.28474
2.48315
4.08961
4.07599
2.87956
4.27766
2.15447
3.37801
3.80608
2.42483
3.16648
2.80849
2.91337
2.13528
3.08516
2.86304
2.94232
3.76525
3.87364
3.15866
2.62783
2.6199
2.3079
2.46735
2.83794
3.48017
1.89789
3.28897
2.44939
2.6544
2.27295
2.14965
2.14826
3.19577
2.77073
2.55577
1.96843
2.57358
1.91244
2.96826
2.97511
2.68061
3.15055
3.03274
1.95253
3.80857
2.94826
2.61982
2.77578
2.33798
2.25681
3.71918
3.50826
3.84412
3.23157
2.6431
3.07727
3.70999
3.55522
3.41031
2.84003
2.87213
2.65762
3.88319
3.90208
3.22817
2.61612
4.47516
2.11541
2.20877
3.53932
3.12932
4.07581
3.62511
3.1214
2.62016
3.64661
1.61013
3.44536
2.2647
2.32774
2.7286
2.86788
3.32
3.90499
2.23754
1.71588
3.14235
4.01854
3.49533
2.78192
3.62241
2.946
3.2404
2.97582
3.15222
3.74318
1.27604
2.5167
1.7528
3.65765
3.43143
2.87852
2.77552
4.03729
2.35838
2.55362
2.66869
4.00541
1.90424
4.07133
3.04185
3.87314
3.30831
2.91014
3.33431
3.23113
2.62861
3.6039
1.71805
2.81284
2.96556
1.50188
3.27537
2.61229
3.36341
2.56426
3.1058
3.45044
1.83123
3.30516
3.5312
3.62843
1.79405
2.41958
2.72938
1.685
4.14545
3.16395
2.83419
2.04658
2.31151
1.82977
4.22316
2.65287
2.16515
3.66006
2.96131
3.19039
3.49244
3.3252
3.26208
3.63177
2.08317
2.81104
4.55881
3.47242
3.18752
1.9791
2.68223
2.5047
2.62065
3.05225
2.15553
2.50673
2.97211
2.59825
3.81875
1.8634
2.83625
3.05224
3.23617
1.82823
2.13778
3.13657
3.5474
4.41185
2.47088
2.54539
2.38046
1.9622
2.87594
2.38362
2.9122
1.94526
3.28362
4.42322
2.92355
3.53314
2.45107
2.73542
3.00289
3.83205
4.37868
3.00561
2.77687
1.49516
2.95739
3.41997
2.01495
2.79771
2.88656
2.9563
1.75637
3.5763
3.08449
3.5727
3.64466
2.35377
1.61861
2.52343
2.95848
3.54665
3.14919
2.36809
2.88557
2.2871
2.94487
2.8547
4.14411
2.51822
2.79183
3.46887
3.50034
3.79849
2.80897
3.70684
2.35721
2.65321
3.58507
3.3648
2.58451
2.43635
2.70623
2.80848
2.90863
3.69272
3.77003
2.95525
3.26757
3.12877
2.61
2.52675
1.77097
1.60972
2.26895
3.06715
3.80694
2.63849
2.70858
2.64083
3.47341
3.80418
2.71737
2.76256
3.23151
2.44249
3.89036
2.37134
3.44297
3.19688
3.58597
4.44635
3.44292
2.4127
1.68497
2.85873
3.68179
3.79417
2.97884
3.35795
3.59543
4.31324
3.39376
1.90633
3.64011
4.38764
3.04761
3.75116
3.22112
3.77917
2.98665
3.35659
2.21011
2.72133
1.98811
3.08001
2.4367
3.26026
2.2165
2.66415
1.82638
2.58891
2.7847
3.29132
2.50834
3.6013
1.72818
3.78983
0.990073
3.19677
4.10316
3.41422
3.5792
2.81516
2.71255
3.07243
2.75527
3.90247
2.53923
3.0559
3.37313
3.66434
3.74421
2.82037
2.62839
3.86975
2.92666
3.87141
3.82883
1.19183
3.25853
3.24059
2.35898
3.25581
3.00888
3.77844
3.67929
2.1526
3.09348
3.16485
4.60837
2.65891
2.18061
2.22422
2.33774
1.42629
2.51262
4.34937
4.59283
4.12328
2.54728
2.71574
3.6069
3.8402
3.06039
1.51881
3.25235
3.87626
2.09778
3.40734
2.94175
3.48302
3.81599
3.3138
4.1019
3.31265
3.12831
2.63624
3.12179
2.90612
2.2103
2.24695
2.93021
3.34604
3.44793
4.50066
3.39699
2.1537
2.65969
4.68
3.14641
2.52469
2.78081
2.63789
2.99183
2.73699
2.60682
2.76081
2.42833
3.3829
3.46976
3.25281
2.57529
2.12813
3.04546
2.80618
3.00856
3.91817
4.22214
2.09419
2.53446
3.47598
3.32705
4.7744
3.52825
3.70778
2.57022
1.84317
2.46996
3.99911
3.01634
1.86687
3.26635
2.81035
1.32786
1.47833
3.62363
3.10301
2.45802
2.2571
2.28819
2.8132
2.34995
3.80249
3.27893
2.98944
4.41203
3.36775
3.02465
1.8649
3.20036
3.14
2.18552
2.48806
2.90926
2.66104
3.29884
2.08688
3.21784
3.06861
3.45649
3.89855
2.28745
2.90259
4.31466
2.68533
2.32874
3.18299
3.08115
2.74551
3.0188
2.30398
3.02554
1.80231
1.83571
3.20071
2.99819
2.45649
3.57443
4.14987
2.42215
2.08505
2.23491
3.62534
3.94417
2.79814
3.81449
3.67184
3.02911
3.35987
1.70055
3.30233
2.03558
2.9151
2.9593
1.73884
2.8417
2.43863
3.07841
2.70535
2.92598
3.13896
2.13333
3.25207
1.62063
3.45572
2.8131
3.93117
3.57803
2.91186
3.49675
3.24216
2.63567
3.0009
2.7918
3.42274
3.2428
2.54996
1.74831
2.72479
2.73379
1.98021
2.05334
3.07335
3.09995
2.95428
2.84653
2.14056
3.15908
2.57354
2.91034
3.21556
1.31914
2.93592
2.84262
2.60211
2.76171
3.09992
1.89497
3.63901
1.63194
4.57743
2.17689
1.74136
2.53334
2.36944
3.19202
3.72437
2.59004
2.55799
4.54704
1.81283
3.26127
3.21453
3.97242
1.87989
2.6425
4.6794
3.02887
2.72693
2.50379
3.73299
3.6669
3.18166
4.31016
2.52978
2.55489
2.94796
3.63702
3.17163
1.45105
3.25036
3.53152
4.32166
2.69372
2.78253
3.14057
2.12173
2.36932
3.66981
3.92555
3.09048
2.71467
3.53163
1.97866
3.32979
3.03248
3.29198
3.52943
2.68864
3.65061
3.496
2.72998
1.55038
1.47069
3.46267
3.42799
2.30711
3.20856
2.11256
3.54118
3.27892
2.55614
3.01367
2.55058
3.58597
2.54966
3.72413
3.42863
1.85988
2.15311
3.76676
1.98419
2.4879
2.86867
1.94379
2.93827
1.80463
3.59385
2.65257
1.77985
2.71874
2.40757
2.20547
3.22281
3.25932
2.86699
2.39172
2.6802
3.82235
3.09418
3.02881
2.9437
1.86255
3.73178
2.58241
1.98044
3.47486
2.83697
2.36722
2.61235
4.26841
3.94999
3.4572
2.63935
3.34793
3.23756
2.82948
3.41116
3.94293
2.80705
3.01861
3.50449
3.82336
2.5128
3.2215
3.44632
1.97099
0.754319
2.52973
2.17492
3.74981
2.62805
2.94752
4.2029
1.86254
3.04415
3.37222
3.6325
3.71611
3.08072
3.24739
2.60412
2.48939
2.48023
4.54695
2.95798
3.37915
2.00307
4.23367
2.23557
2.62269
2.78608
2.30679
2.9634
3.13616
3.3185
3.82086
2.65169
1.88814
3.10537
2.67183
2.90121
1.96802
3.0484
2.63815
3.8259
3.40322
2.79755
3.52879
2.03553
4.05451
2.95746
3.58065
3.90164
3.16846
3.21482
3.27135
3.28468
1.90425
3.67957
2.93905
2.45351
3.21214
2.37852
2.58346
2.81812
3.72901
2.55136
3.60271
1.87973
1.89332
4.7249
3.96881
3.17758
2.79735
3.95757
1.5815
2.32845
3.87868
3.21993
3.56268
2.21081
3.09496
4.00293
4.06533
2.74728
3.84976
3.02469
1.94049
3.57653
2.76049
3.30276
1.69244
1.82596
2.8447
2.98763
2.96899
1.93999
3.03591
2.38443
3.64778
3.50767
4.03154
3.23216
2.39912
2.8509
1.91126
3.37343
2.88931
2.33228
4.11522
3.61282
3.04808
2.61606
3.72787
2.71045
3.41898
2.58381
3.81418
2.59314
2.26973
2.30192
3.01435
3.30963
2.256
2.67586
2.36316
3.92769
2.75761
2.84553
2.20293
1.80893
3.35275
2.58346
3.00007
2.67491
3.30312
4.2753
2.46597
2.96254
2.8145
4.23124
2.49763
2.92248
3.56447
3.96347
2.3018
2.14355
3.42987
2.39563
2.69258
2.31834
2.90293
4.47286
2.94532
2.79583
2.75576
4.54103
2.68525
1.73536
4.00942
2.55594
3.14081
3.41116
2.1859
3.8208
2.95046
3.1118
3.15631
2.23622
2.86778
3.27979
3.92294
2.62751
3.06287
3.15689
3.21396
2.81408
3.51269
3.38645
3.05546
4.00821
0.889548
2.06227
3.6757
2.80326
2.71387
1.80623
4.30811
3.86774
2.90369
2.88124
2.55653
4.02242
3.66036
3.65967
2.06922
3.24848
3.8367
3.12707
2.02505
3.34589
4.3278
4.04187
3.01787
2.5263
3.38465
2.35745
0.807041
4.34614
3.41181
1.7673
2.38959
2.89562
3.54271
3.77595
2.54842
3.14513
2.61696
3.89528
1.97253
3.77993
2.79774
2.86593
3.36561
3.67428
2.61363
3.15353
3.91426
3.06586
2.33683
3.21466
3.77137
3.64242
2.79065
3.55188
1.60756
2.07105
2.14611
1.66594
2.66499
2.42727
3.18992
2.76371
3.01998
2.41589
3.84404
2.97896
2.61197
4.16318
2.97544
4.03611
4.82107
3.43633
2.25377
2.34709
2.62356
3.19154
3.52014
2.57116
2.7742
2.90438
2.28598
1.89673
3.30123
2.89866
1.75517
2.12744
3.11409
3.137
2.9604
3.47328
4.67351
3.47502
2.99741
2.55587
1.55274
4.67329
2.65387
1.19203
2.65824
2.6887
3.09269
3.75461
3.14721
4.41462
2.75934
3.15345
3.9648
3.29008
2.21112
3.60878
2.84876
3.46271
3.73884
2.87019
3.50907
2.27007
2.40217
2.44037
2.49573
1.44374
1.42665
2.6957
3.65212
2.97653
2.29636
2.06455
3.40114
3.51688
2.97375
2.16648
2.25374
3.29292
3.05619
4.09068
4.29895
3.01973
3.42477
2.94872
3.53062
2.38449
2.73331
2.46133
2.62976
2.87086
2.27729
3.75778
3.70861
2.29561
2.57597
2.80551
3.10702
4.28966
2.71671
3.34062
3.40053
2.301
2.52826
2.92588
3.81479
3.22901
2.86791
3.36995
3.40814
3.18914
2.75607
2.3901
2.59289
3.49343
3.73509
3.66337
2.88405
3.89325
3.29612
2.78773
3.49807
2.44461
4.21616
3.32368
3.47489
3.47707
2.14474
2.00603
2.93325
3.55638
3.09003
3.06747
3.8512
2.55182
2.96945
2.39013
3.6612
3.197
2.4942
3.10676
3.76726
3.21428
3.35412
3.28594
4.18862
4.06395
1.81045
3.38218
2.13117
3.30607
3.44492
2.95637
3.04323
2.71775
2.50028
3.41605
3.01026
2.39657
3.72353
2.43247
2.85698
3.29455
2.70207
1.22543
2.74469
3.97308
2.10132
2.75811
2.40126
2.37978
3.45142
2.88058
3.97059
3.29494
4.34552
2.82382
3.87278
3.20411
2.24316
3.87869
2.12778
2.99524
3.5382
3.23596
3.15055
3.25158
2.87212
3.52785
1.09309
3.54714
2.01822
2.01914
2.56793
3.51895
2.16142
2.25007
3.77137
3.2899
2.63134
1.90708
3.65491
3.10392
3.64314
2.31011
3.18089
3.86879
2.86685
4.02847
1.857
2.86866
3.61731
2.35067
3.23895
2.59526
3.13375
2.33371
3.279
3.32617
1.90868
3.39835
3.18482
3.03516
3.53654
1.80921
4.12689
2.50417
2.20945
2.97409
2.91595
4.03658
2.77413
2.30897
4.20688
2.74484
3.84896
5.04553
3.24414
3.67074
2.73717
2.01888
3.45753
2.91598
4.02387
2.39216
3.83254
4.10536
2.85182
3.15661
2.3123
2.92221
1.91945
3.27087
2.75851
2.5589
3.52176
3.46445
2.6047
3.61664
3.40048
2.22686
3.21257
1.61135
1.88541
2.67545
2.11336
3.44671
1.17688
3.11997
3.01835
3.64421
2.52698
2.34576
3.28779
2.39813
3.90532
2.93948
2.7266
2.80987
2.68453
3.57609
2.86121
4.35723
3.13046
4.49201
4.38774
2.63756
3.96971
3.59969
1.9769
2.11204
3.33937
3.69059
3.57461
3.40495
2.35567
3.27917
2.32926
2.67635
2.28925
1.83837
2.74488
2.70973
2.3601
2.51414
1.2552
2.34621
3.79664
2.05269
3.93775
2.71559
4.55254
2.57175
2.96562
2.44668
3.41479
3.5611
3.0943
2.84033
1.40959
3.27832
1.60378
3.04992
2.93154
3.32763
2.91932
2.39293
3.0217
3.73642
4.13259
3.13388
3.71836
3.35763
2.48823
2.84902
3.49696
2.35845
4.24083
2.41415
1.89864
4.72591
3.18178
2.9039
3.64597
2.24548
2.53065
2.7518
3.63728
2.61868
3.74906
3.03095
2.39364
4.02623
3.18454
1.24903
2.92574
2.49037
3.07577
3.08014
3.07436
2.54574
2.62194
4.25118
2.58401
2.93957
3.06176
3.28344
3.2312
3.39097
2.49064
2.59967
3.41917
3.31964
1.82945
2.17459
1.95812
2.01544
2.20433
2.66189
3.3613
2.61747
2.49525
2.16983
2.36145
3.03473
4.38205
3.00923
3.53936
4.10359
2.88051
1.84618
2.98795
2.34818
3.52293
2.32202
3.02619
2.81314
1.11012
2.55199
4.75277
2.90204
3.00389
3.87807
4.1751
3.46457
4.31168
2.79137
2.67431
3.66431
2.7539
2.70018
3.52029
3.69248
2.76938
2.16314
2.17742
2.85631
2.18273
3.45679
3.05476
3.13373
3.7982
2.84595
1.67097
3.62134
3.2066
3.33001
2.68776
2.46743
2.08669
1.70136
1.85927
1.9655
4.76228
3.227
1.54553
2.10989
3.37828
2.15449
2.36311
2.9245
2.44523
4.05102
2.02826
2.86089
3.27025
2.45724
2.56111
3.61462
3.2956
4.19434
3.79684
3.09348
3.17781
2.23665
2.46495
2.9992
3.27527
2.8941
2.68572
2.22325
3.72391
2.59499
3.53491
3.08359
2.47588
2.84136
3.14413
3.02051
3.71361
2.29571
3.34871
3.58152
3.44471
2.91343
3.58706
3.64733
2.76017
3.21299
3.86201
2.14934
3.55195
3.48587
4.15169
2.25674
3.10486
3.61648
3.76506
3.59173
3.12842
2.0734
1.80861
4.1166
2.53507
2.54814
3.33075
2.94058
3.36537
2.46686
2.22855
2.3221
2.73503
3.52735
2.13478
4.6236
3.01838
1.92181
4.0221
3.55029
3.67183
4.35399
3.70456
3.24774
3.0138
3.45172
2.90049
2.95402
3.99182
3.97642
3.9276
2.46397
3.11913
1.93611
3.18922
3.17587
2.96707
2.28611
2.2062
3.73102
3.51738
2.40111
2.33926
2.30533
2.00512
2.23546
2.89171
2.44308
3.97976
3.80137
3.71219
3.05941
2.72896
2.72561
2.71928
1.78301
1.8325
3.26834
3.78774
3.53236
3.06745
2.95973
1.95095
2.33686